date,open,high,low,close,volume,amount
2021-05-12,29.574501,31.37585697,23.53413322,24.3765584,16350034,485509299.7
2021-05-13,23.301122,25.34445116,22.70067001,24.06288945,9744295,259865441.67
2021-05-14,23.5699811,24.00015566,22.99641502,23.0322629,6916550,179665707.91
2021-05-17,22.96952911,23.68648671,22.02852226,22.11814196,5447245,138375579.63
2021-05-18,22.3153053,22.92471926,22.2256856,22.36907712,3994776,100490249.39
2021-05-19,22.15398984,22.79028971,21.67900543,22.75444183,5323913,131087437.21
2021-05-20,22.39596303,22.54831652,22.00163635,22.01956029,2674559,66266815.52
2021-05-21,22.05540817,22.26153348,21.508728,21.70589134,2899791,70421967.44
2021-05-24,21.72381528,22.06437014,21.53561391,21.70589134,1550799,37664841.87
2021-05-25,21.70589134,21.82239695,21.1502492,21.66108149,2625411,62999255.22
2021-05-26,21.508728,21.79551104,21.42807027,21.60730967,1583814,38182175.34
2021-05-27,21.58042376,22.39596303,21.58042376,22.03748423,3213527,79110566.8
2021-05-28,21.99267438,22.01059832,21.36533648,21.37429845,2767664,66878768.65
2021-05-31,21.5983477,21.90305468,21.20402102,21.80447301,1860402,44985208.31
2021-06-01,21.75070119,22.95160517,21.75070119,22.65586016,4409161,110177974.99
2021-06-02,22.68274607,26.45573544,22.32426727,25.46991874,10016708,271598073.66
2021-06-03,27.34297047,28.57076036,26.00763694,26.71563257,9313412,281445926.16
2021-06-04,27.52220987,28.19435762,26.15999043,27.8717267,7592962,232700672.29
2021-06-07,27.76418306,27.8717267,26.64393681,26.90383394,5735605,173721076.99
2021-06-08,27.10995925,27.62079154,25.10247797,25.21898358,5367606,156877694.53
2021-06-09,25.21002161,25.65812011,24.69918932,24.8246569,3085727,86307251.38
2021-06-10,24.97701039,25.68500602,24.8246569,25.12936388,2696911,75802666.66
2021-06-11,25.11143994,25.67604405,23.4803614,23.62375292,3801966,103938735.82
2021-06-15,23.81195429,23.82987823,22.99641502,23.301122,1887301,49161926.39
2021-06-16,23.3907417,23.53413322,22.53935455,22.71859395,1464523,37477178.55
2021-06-17,22.81717562,23.51620928,22.6737841,23.40866564,1502664,38897295.79
2021-06-18,23.49828534,24.5557978,23.05018684,24.05392748,2132240,56884844.28
2021-06-21,24.06288945,24.16147112,23.60582898,24.02704157,1604531,42835704.54
2021-06-22,24.08977536,24.66334144,23.88365005,23.90157399,1473878,39759587.26
2021-06-23,23.99119369,24.60060765,23.2115023,24.27797673,1885768,50068610.61
2021-06-24,24.197319,24.98597236,23.93742187,24.62749356,1828262,50311073.61
2021-06-25,24.6454175,24.77088508,23.66856277,24.18835703,1420913,38163053.15
2021-06-28,24.0180796,24.34071052,23.7492205,24.12562324,1157157,31077237.0
2021-06-29,24.197319,24.44825416,23.77610641,23.84780217,1057978,28389105.08
2021-06-30,24.0180796,24.16147112,23.67752474,23.93742187,1053513,28083784.66
2021-07-01,23.85676414,23.97326975,22.96056714,23.0322629,1391302,36264447.06
2021-07-02,22.92471926,23.0322629,22.34219121,22.51246864,1018646,25692553.52
2021-07-05,22.61105031,22.70067001,22.20776166,22.3153053,889246,22224501.29
2021-07-06,22.54831652,23.09499669,22.27049545,22.6737841,1091919,27663459.56
2021-07-07,22.51246864,23.51620928,22.4945447,23.43555155,1548848,39890795.31
2021-07-08,23.43555155,24.60956962,23.43555155,23.91053596,2499588,67531257.21
2021-07-09,23.76714444,24.22420491,23.57894307,24.02704157,1643911,43844653.33
2021-07-12,24.197319,24.197319,23.6596008,23.7492205,1546459,41248630.1
2021-07-13,23.85676414,23.9284599,22.53935455,23.01433896,1507412,39006037.27
2021-07-14,22.91575729,23.29216003,22.82613759,22.8530235,893897,23008636.17
2021-07-15,22.8530235,23.13980654,22.404925,22.60208834,707653,17844116.9
2021-07-16,22.75444183,22.98745305,22.29738136,22.32426727,1283663,32338469.47
2021-07-19,22.29738136,23.301122,22.21672363,23.02330093,1311862,33493731.41
2021-07-20,22.81717562,23.19357836,22.33322924,22.79925168,659509,16658255.1
2021-07-21,22.84406153,23.11292063,22.69170804,22.87094744,893350,22819609.61
2021-07-22,22.71859395,23.08603472,22.53935455,23.01433896,828315,21055524.54
2021-07-23,23.01433896,24.4661781,22.90679532,23.91053596,2077684,54996749.89
2021-07-26,23.6596008,24.00911763,23.04122487,23.37281776,1327607,34583028.62
2021-07-27,23.70441065,23.85676414,22.9426432,23.1218826,1534813,40020729.48
2021-07-28,23.1218826,23.18461639,21.82239695,21.91201665,1382356,34249027.57
2021-07-29,22.21672363,22.62897425,22.0464462,22.404925,974022,24299458.2
2021-07-30,22.404925,23.66856277,22.20776166,23.53413322,1874748,48421823.19
2021-08-02,23.56101913,23.65063883,23.19357836,23.5699811,1175698,30698730.68
2021-08-03,23.67752474,24.80673296,23.46243746,24.0180796,3114364,84686905.84
2021-08-04,24.0180796,25.26379343,23.8388402,24.60060765,2487059,68511734.75
2021-08-05,24.39448234,24.99493433,23.82091626,24.09873733,1207394,32537964.62
2021-08-06,24.09873733,25.3623751,23.8388402,25.34445116,2636748,73635090.27
2021-08-09,25.55953844,25.65812011,24.29590067,24.84258084,2217457,61262652.09
2021-08-10,24.93220054,25.08455403,24.43929219,24.78880902,1556072,42925290.25
2021-08-11,24.8246569,25.093516,24.51098795,25.02182024,1331863,36912464.49
2021-08-12,25.0038963,25.07559206,24.3765584,24.7350372,1363970,37515325.96
2021-08-13,24.77088508,24.96804842,24.11666127,24.92323857,1594151,43745633.04
2021-08-16,24.95908645,25.15624979,24.1076993,24.4661781,1715778,47059161.74
2021-08-17,24.27797673,24.71711326,23.01433896,23.17565442,1930167,50903265.85
2021-08-18,23.27423609,23.49828534,23.00537699,23.25631215,647704,16782022.15
2021-08-19,23.19357836,23.53413322,23.04122487,23.17565442,634908,16505233.55
2021-08-20,23.05018684,23.45347549,22.50350667,23.31904594,801939,20656173.37
2021-08-23,23.40866564,24.69022735,23.28319806,24.3765584,2544212,68803802.6
2021-08-24,24.61853159,26.07037073,24.51098795,25.88216936,3766922,106998172.63
2021-08-25,25.6312342,26.02556088,25.40718495,25.61331026,1717356,49018140.08
2021-08-26,25.6312342,25.96282709,25.29067934,25.56850041,1494559,42684961.31
2021-08-27,25.55057647,25.77462572,24.66334144,25.58642435,1822023,51406441.01
2021-08-30,25.5416145,25.5416145,24.47514007,25.01285827,3678143,102102033.01
2021-08-31,25.8104736,29.3952616,25.8104736,28.4990646,5749614,178597129.48
2021-09-01,27.6028676,31.21454151,27.4236282,29.49384327,7269700,240841084.99
2021-09-02,29.32356584,31.12492181,28.678304,29.3952616,4187238,139685231.86
2021-09-03,29.52072918,30.26457269,28.18539565,28.37359702,2628719,84904889.42
2021-09-06,28.70518991,30.10325723,28.57076036,29.95986571,2536016,83511842.97
2021-09-07,29.4848813,30.09429526,28.74999976,28.98301098,1467699,47793145.59
2021-09-08,29.1264025,29.46695736,28.28397732,28.5886843,1267775,40445657.66
2021-09-09,28.92027719,29.01885886,26.92175788,27.23542683,2359833,72359323.94
2021-09-10,27.23542683,27.3340085,26.6170509,26.96656773,1192080,35921296.76
2021-09-13,27.02930152,27.48636199,26.6170509,26.9755297,1093046,33012587.2
2021-09-14,26.75148045,27.47740002,26.6170509,26.85006212,1425715,43039215.26
2021-09-15,26.7066706,26.82317621,25.65812011,26.2585721,1696741,49463903.22
2021-09-16,26.2585721,26.41988756,24.80673296,25.20105964,1520813,43655339.37
2021-09-17,25.0038963,25.57746238,23.89261202,24.42136825,2004328,54811668.87
2021-09-22,24.08977536,24.41240628,23.32800791,23.66856277,1428366,37725574.53
2021-09-23,23.8388402,24.04496551,23.59686701,23.6596008,936805,24827624.66
2021-09-24,23.79403035,23.98223172,23.45347549,23.55205716,707553,18669703.8
2021-09-27,23.82987823,23.8388402,22.43181091,22.70963198,1046082,26671089.27
2021-09-28,22.7634038,23.19357836,22.56624046,22.87990941,516003,13199619.58
2021-09-29,22.8530235,22.8530235,21.9568265,22.01956029,833821,20661129.58
2021-09-30,22.0464462,22.38700106,21.96578847,21.98371241,730496,18018596.45
2021-10-08,22.27049545,22.87094744,22.10021802,22.5841644,854837,21404166.42
2021-10-11,22.83509956,22.8530235,22.34219121,22.71859395,504609,12722784.86
2021-10-12,22.41388697,22.48558273,21.46391815,21.71485331,738744,18057941.91
2021-10-13,21.64315755,22.34219121,21.508728,22.18983772,481642,11856557.45
2021-10-14,22.2256856,23.7492205,21.9568265,23.14876851,1439084,37262522.51
2021-10-15,22.62897425,23.32800791,22.404925,23.301122,1024319,26116500.98
2021-10-18,23.27423609,23.27423609,22.71859395,22.97849108,576390,14741593.01
2021-10-19,23.19357836,23.44451352,23.09499669,23.22942624,913218,23690792.37
2021-10-20,23.301122,23.44451352,22.56624046,22.92471926,1138474,29191236.12
2021-10-21,22.74547986,22.95160517,22.0464462,22.0464462,694262,17337783.4
2021-10-22,22.11814196,22.2256856,21.38326042,21.61627164,1059482,25676668.35
2021-10-25,21.79551104,21.92994059,21.29364072,21.84032089,441557,10676176.12
2021-10-26,21.84032089,22.01956029,20.7917704,21.01581965,1138897,27119452.15
2021-10-27,21.01581965,21.01581965,19.92245931,20.0748128,894873,20211205.44
2021-10-28,19.94038325,20.20028038,19.49228475,19.59086642,652168,14354978.24
2021-10-29,19.96726916,20.95308586,19.76114385,20.45121554,830805,18974072.23
2021-11-01,20.92619995,21.3294886,20.37055781,21.0606295,758586,17720846.43
2021-11-02,21.01581965,21.508728,20.612531,20.80073237,707110,16672200.09
2021-11-03,20.84554222,21.04270556,20.63941691,20.87242813,316900,7356302.42
2021-11-04,21.0606295,21.508728,20.85450419,21.36533648,517832,12291580.47
2021-11-05,21.40118436,21.75966316,21.13232526,21.36533648,642480,15396925.43
2021-11-08,21.1502492,22.08229408,21.07855344,22.08229408,723868,17593834.35
2021-11-09,22.15398984,22.41388697,21.91201665,22.1360659,695545,17218447.66
2021-11-10,21.92097862,22.5841644,21.88513074,22.20776166,715720,17833846.54
2021-11-11,22.10021802,22.62001228,21.99267438,22.34219121,937382,23326370.94
2021-11-12,22.34219121,23.28319806,21.84928286,23.2115023,1506029,38107386.41
2021-11-15,23.2115023,23.97326975,22.93368123,23.7492205,1646147,43332137.3
2021-11-16,23.64167686,23.80299232,22.71859395,22.80821365,1242792,32081476.76
2021-11-17,23.16669245,25.24586949,22.9426432,24.86050478,2380281,64549351.73
2021-11-18,24.6454175,25.08455403,24.20628097,24.43033022,1288878,35438564.85
2021-11-19,24.34071052,25.12936388,24.20628097,24.71711326,1161269,32027383.75
2021-11-22,24.59164568,26.04348482,24.51098795,25.59538632,1666241,47342666.66
2021-11-23,25.4519948,26.39300165,25.10247797,25.94490315,1456427,42071126.74
2021-11-24,25.86424542,26.40196362,25.46095677,25.75670178,983971,28433541.29
2021-11-25,25.74773981,25.84632148,25.13832585,25.77462572,1152942,32779649.9
2021-11-26,25.78358769,26.33026786,25.01285827,25.21898358,844601,23926319.37
2021-11-29,25.06663009,25.91801724,24.24212885,25.59538632,981266,27823286.83
2021-11-30,25.85528345,26.51846923,25.64915814,25.94490315,1252056,36446682.92
2021-12-01,26.01659891,27.47740002,25.25483146,27.10995925,2336081,69780007.84
2021-12-02,26.88591,27.23542683,26.21376225,26.5274312,1032667,30527316.45
2021-12-03,26.55431711,26.55431711,25.2727554,25.8104736,1339804,38443504.84
2021-12-06,25.81943557,25.81943557,24.197319,24.9142766,1654867,45915396.95
2021-12-07,25.61331026,25.61331026,23.53413322,23.97326975,1453407,39002394.17
2021-12-08,24.0180796,24.197319,23.69544868,23.88365005,554332,14806318.15
2021-12-09,23.40866564,24.51994992,23.40866564,24.27797673,571984,15479367.57
2021-12-10,23.97326975,27.76418306,23.90157399,27.44155214,2942491,85817904.77
2021-12-13,27.3340085,27.44155214,26.09725664,26.77836636,1410212,41825824.72
2021-12-14,26.50950726,27.93446049,26.2585721,27.21750289,1245522,37818274.63
2021-12-15,27.14580713,28.32878717,26.95760576,28.21228156,1465856,45424316.97
2021-12-16,28.53491248,29.20706023,27.79106897,27.93446049,1309666,41470692.9
2021-12-17,27.79106897,28.03304216,26.96656773,27.3340085,922112,28259188.78
2021-12-20,26.77836636,27.58494366,26.4378115,26.48262135,621900,18624083.4
2021-12-21,27.25335077,27.31608456,25.88216936,26.1689524,684337,20016296.79
2021-12-22,25.98075103,26.33922983,25.69396799,25.88216936,452644,13112227.66
2021-12-23,25.89113133,27.67456336,25.62227223,25.989713,1040316,30979999.76
2021-12-24,25.81943557,25.93594118,24.51994992,24.54683583,980283,27507081.89
2021-12-27,24.54683583,25.79254966,24.17939506,25.29964131,650614,18302484.75
2021-12-28,25.29964131,25.86424542,25.02182024,25.19209767,437087,12342032.64
2021-12-29,25.29964131,26.38403968,24.95908645,25.92697921,669030,19352747.9
2021-12-30,26.19583831,29.83439813,26.19583831,29.83439813,3497327,112358397.81
2021-12-31,30.13910511,30.70370922,29.28771796,29.96882768,1249793,41755570.69
2022-01-04,29.574501,30.470698,28.33774914,28.8575434,1287116,41437772.35
2022-01-05,28.86650537,28.86650537,27.40570426,27.80003094,998260,31085424.08
2022-01-06,27.67456336,29.98675162,27.49532396,29.61931085,1224925,39245045.58
2022-01-07,29.61931085,33.86728463,29.26979402,33.21306082,3797185,135194752.48
2022-01-10,33.159289,34.84413936,31.92253714,33.02485945,1784761,66484165.62
2022-01-11,33.9658663,34.01067615,32.85458202,33.63427341,981331,36471461.53
2022-01-12,33.63427341,34.7724436,32.8008102,33.18617491,991103,37180088.84
2022-01-13,32.81873414,33.52672977,32.15554836,32.15554836,975146,35566686.29
2022-01-14,31.75225971,34.5035845,31.59094425,33.74181705,1105064,40785408.82
2022-01-17,33.65219735,36.52002775,33.65219735,35.59694484,1612217,63872054.06
2022-01-18,35.40874347,36.27805456,32.72911444,33.159289,1408755,53304015.55
2022-01-19,33.57153962,34.54839435,32.41544549,33.80455084,1051579,39494732.75
2022-01-20,34.31538313,35.29223786,32.33478776,33.11447915,872811,32623860.49
2022-01-21,33.75077902,33.75077902,31.78810759,31.93149911,573688,20652131.57
2022-01-24,30.77540498,32.21828215,29.71789252,30.3810783,1550699,53125307.48
2022-01-25,29.76270237,30.3810783,27.71937321,27.73729715,1462112,46882580.13
2022-01-26,26.94864379,29.46695736,26.94864379,28.99197295,1111956,35723971.81
2022-01-27,29.63723479,29.6641207,28.08681398,29.18017432,1053284,34097941.12
2022-01-28,29.0367828,29.46695736,27.4236282,28.0509661,729169,23029506.41
2022-02-07,28.0509661,30.13014314,28.04200413,29.79855025,737277,24148668.59
2022-02-08,29.78062631,30.37211633,28.23916747,28.43633081,710557,22797723.82
2022-02-09,28.28397732,28.54387445,27.58494366,27.99719428,618008,19242293.62
2022-02-10,27.98823231,28.03304216,26.88591,27.89861261,1432149,43738522.27
2022-02-11,28.2302055,28.2302055,25.989713,25.989713,1185560,35206455.29
2022-02-14,25.989713,26.86798606,25.989713,26.41988756,418032,12324912.65
2022-02-15,26.3481918,28.4990646,26.15102846,27.94342246,736047,22699603.03
2022-02-16,27.71041124,28.81273355,27.36985638,27.44155214,454629,14100614.45
2022-02-17,28.23916747,29.19809826,27.19061698,27.23542683,1145227,36066392.4
2022-02-18,27.4236282,28.38255899,27.1547691,28.01511822,761524,23616319.37
2022-02-21,27.46843805,27.8717267,26.33026786,26.95760576,828133,24791312.59
2022-02-22,27.13684516,27.32504653,26.2585721,26.51846923,726114,21703491.5
2022-02-23,26.95760576,28.46321672,26.59912696,27.84484079,763545,23668869.36
2022-02-24,27.73729715,28.92923916,27.67456336,28.75896173,1169776,37225044.62
2022-02-25,28.68726597,29.47591933,27.8717267,28.4990646,972360,31074833.87
2022-02-28,28.21228156,28.57972233,27.41466623,27.95238443,386127,12023716.0
2022-03-01,28.1405858,29.19809826,27.83587882,28.02408019,409382,12928987.0
2022-03-02,27.88068867,28.30190126,27.74625912,28.1405858,211396,6600676.0
2022-03-03,27.86276473,28.4094449,27.28919865,27.30712259,358711,11061649.0
2022-03-04,27.3340085,27.98823231,26.95760576,27.22646486,231878,7069372.0
2022-03-07,27.05618743,27.54013381,26.38403968,26.41988756,551824,16450251.0
2022-03-08,26.4378115,26.4378115,24.71711326,24.75296114,913486,26036615.0
2022-03-09,24.92323857,25.74773981,23.16669245,24.00015566,819882,22013607.0
2022-03-10,24.18835703,24.86050478,23.90157399,24.1076993,284119,7706957.0
2022-03-11,23.301122,24.17939506,22.8530235,23.85676414,334018,8810953.0
2022-03-14,23.98223172,23.98223172,22.83509956,22.90679532,388822,10013869.0
2022-03-15,22.91575729,22.91575729,21.15921117,21.56249982,734405,17909094.0
2022-03-16,21.93890256,22.70963198,20.7917704,22.34219121,505409,12260104.0
2022-03-17,22.7634038,24.3765584,22.41388697,23.72233459,515786,13600516.0
2022-03-18,23.27423609,24.58268371,23.27423609,23.74025853,333502,8901207.95
2022-03-21,23.74025853,24.05392748,22.96952911,23.2115023,363695,9493242.96
2022-03-22,23.1218826,23.4803614,22.92471926,23.11292063,238196,6163897.38
2022-03-23,23.35489382,23.65063883,22.91575729,23.07707275,232253,6002600.6
2022-03-24,23.07707275,23.15773048,22.43181091,22.6737841,247275,6312301.05
2022-03-25,23.07707275,23.25631215,22.5841644,22.6737841,228458,5821207.26
2022-03-28,22.42284894,24.00911763,22.42284894,23.19357836,360619,9372880.45
2022-03-29,23.20254033,23.44451352,22.404925,22.51246864,320643,8160963.31
2022-03-30,22.9426432,23.29216003,22.54831652,22.98745305,184093,4698931.48
2022-03-31,22.87990941,23.17565442,22.66482213,22.7634038,206576,5288998.18
2022-04-01,23.0322629,23.0322629,22.42284894,22.75444183,139847,3544506.97
2022-04-06,22.75444183,22.89783335,21.72381528,22.37803909,366413,9063210.55
2022-04-07,22.21672363,22.53039258,21.73277725,21.83135892,224337,5514510.61
2022-04-08,21.83135892,21.89409271,21.1502492,21.70589134,196807,4699118.66
2022-04-11,21.67004346,21.67004346,20.20028038,20.31678599,477963,11000637.43
2022-04-12,20.31678599,20.78280843,19.96726916,20.46913948,209270,4750236.9
2022-04-13,20.23612826,20.23612826,19.42955096,19.43851293,600919,13236637.17
2022-04-14,19.43851293,19.91349734,19.04418625,19.65360021,379458,8251238.18
2022-04-15,19.5370946,20.68422676,19.16965383,20.00311704,540993,12095328.63
2022-04-18,20.00311704,20.00311704,18.9097567,19.14276792,874839,18685712.25
2022-04-19,19.14276792,19.97623113,18.6408976,18.78428912,1204931,25742717.23
2022-04-20,18.820137,18.9097567,17.81639636,18.07629349,1193332,24412488.94
2022-04-21,18.06733152,18.16591319,15.9523066,16.131546,3059062,57496803.03
2022-04-22,16.25701358,16.80369375,16.02400236,16.40936707,2144468,39246410.13
2022-04-25,16.2211657,16.2211657,14.65282095,14.7872505,1163127,20002603.47
2022-04-26,14.79621247,15.01129975,13.57738455,13.92690138,1730415,27596603.83
2022-04-27,13.68492819,14.18679851,13.06655226,14.0702929,2029840,30829870.84
2022-04-28,13.8910535,14.2495323,13.57738455,13.76558592,1095939,16940359.28
2022-04-29,14.2495323,14.65282095,14.0702929,14.23160836,1871638,29996871.27
2022-05-05,14.56320125,15.4145884,14.339152,15.07403354,1214878,20334402.94
2022-05-06,14.76932656,15.00233778,14.59904913,14.7872505,924352,15271043.73
2022-05-09,14.83206035,15.5042081,14.54527731,15.20846309,990546,16855738.85
2022-05-10,15.08299551,15.65656159,14.93960399,15.54005598,925764,15969096.87
2022-05-11,15.60278977,16.29286146,15.43251234,15.73721932,1421846,25329513.0
2022-05-12,15.55797992,16.06881221,15.55797992,16.05985024,954776,16918429.26
2022-05-13,16.11362206,16.80369375,16.00607842,16.80369375,1056875,19393088.23
2022-05-16,16.80369375,17.2966021,16.46313889,16.71407405,1096455,20600381.23
2022-05-17,16.62445435,17.19802043,16.45417692,17.06359088,1088400,20538199.99
2022-05-18,17.23386831,17.98667379,17.03670497,17.72677666,1348343,26612782.74
2022-05-19,17.45791756,17.7447006,17.33244998,17.48480347,680092,13319962.42
2022-05-20,17.54753726,17.90601606,17.18905846,17.54753726,712481,13858317.87
2022-05-23,17.4758415,18.45269623,17.35037392,18.29138077,1134396,22763421.17
2022-05-24,18.33619062,18.3720385,17.07255285,17.19802043,1240922,24455393.59
2022-05-25,17.12632467,17.92394,17.1173627,17.61923302,899241,17553349.87
2022-05-26,17.87913015,17.87913015,17.17113452,17.36829786,620190,12051434.33
2022-05-27,17.23386831,17.68196681,17.07255285,17.1173627,542703,10476538.94
2022-05-30,17.67300484,18.08525546,17.23386831,17.66404287,762152,15029080.36
2022-05-31,17.6550809,18.29138077,17.41310771,18.11214137,662778,13238196.35
2022-06-01,18.21968501,18.79325109,18.00459773,18.35411456,726059,14868145.07
2022-06-02,18.59608775,20.66630282,18.2824188,19.72529597,2009971,43510824.51
2022-06-06,19.70737203,20.55875918,19.54605657,19.87764946,1744150,39056802.45
2022-06-07,20.11066068,20.29886205,18.82909897,19.1786158,1200023,25987073.33
2022-06-08,19.1786158,19.88661143,18.7305173,19.4474749,1313650,28431739.93
2022-06-09,19.11588201,19.45643687,18.69466942,18.9993764,742617,15752338.45
2022-06-10,18.66778351,19.66256218,18.35411456,19.33993126,770784,16560722.33
2022-06-13,19.27719747,19.58190445,18.89183276,19.02626231,1022547,21895841.34
2022-06-14,18.78428912,18.91871867,17.62819499,18.38100047,1330738,26829491.58
2022-06-15,18.1927991,18.93664261,18.08525546,18.08525546,794468,16495238.97
2022-06-16,18.21072304,18.50646805,18.02252167,18.39892441,725266,14771923.42
2022-06-17,18.35411456,18.90079473,18.04044561,18.820137,841724,17505387.04
2022-06-20,18.76636518,19.25031156,18.7305173,18.86494685,619571,13067123.39
2022-06-21,18.65882154,19.05314822,18.36307653,18.51543002,789866,16451613.32
2022-06-22,18.69466942,18.69466942,17.97771182,18.04044561,538718,10965977.27
2022-06-23,18.04044561,19.13380595,17.94186394,19.13380595,1253590,26141160.72
2022-06-24,19.02420564,20.54029692,19.02420564,20.54029692,1482270,32471488.94
2022-06-27,20.74122468,20.74122468,19.62698892,19.97404596,1405640,30778824.97
2022-06-28,19.83704976,22.54044144,19.83704976,21.68193192,2154426,50684047.63
2022-06-29,21.58146804,21.67279884,19.73658588,19.74571896,2333839,52297720.92
2022-06-30,19.7274528,20.12930832,19.3621296,19.55392428,1388338,29783396.17
2022-07-01,19.37126268,20.75949084,19.28906496,20.1384414,1451715,31979451.86
2022-07-04,20.1384414,20.1384414,19.05160488,19.5447912,1349847,28628915.29
2022-07-05,19.6817874,20.05624368,18.73194708,19.02420564,1070609,22443350.67
2022-07-06,18.88720944,19.21600032,18.5401524,18.75021324,736288,15222196.84
2022-07-07,19.03333872,20.02884444,18.64061628,19.8187836,1643052,35343520.03
2022-07-08,19.96491288,20.07450984,19.05160488,19.179468,1183521,25274765.47
2022-07-11,18.96027408,19.34386344,18.37575696,18.69541476,634994,13081840.42
2022-07-12,18.722814,18.96940716,18.0834984,18.0834984,777948,15672498.55
2022-07-13,18.33922464,18.51275316,18.1748292,18.42142236,519772,10452243.69
2022-07-14,18.43055544,19.2251334,18.33009156,18.93287484,740072,15263025.53
2022-07-15,19.0881372,19.47172656,18.5401524,18.56755164,630230,13109823.37
2022-07-18,18.73194708,19.32559728,18.73194708,19.3164642,654028,13716213.14
2022-07-19,19.179468,19.83704976,18.9968064,19.59958968,808303,17200431.13
2022-07-20,19.80965052,20.33936916,19.5447912,20.2754376,1331641,29219317.15
2022-07-21,20.02884444,20.75949084,20.02884444,20.39416764,828206,18569085.95
2022-07-22,20.19323988,20.9604186,20.092776,20.34850224,758715,17114113.52
2022-07-25,20.25717144,20.53116384,19.39866192,19.80965052,867069,18845682.72
2022-07-26,19.70918664,20.78689008,19.41692808,20.76862392,1387120,30657070.24
2022-07-27,20.5950954,21.08828172,20.34850224,20.4124338,946169,21290314.63
2022-07-28,20.4124338,21.07914864,20.4124338,20.81428932,981629,22381372.82
2022-07-29,21.0517494,21.462738,20.6407608,21.02435016,1117610,25789153.94
2022-08-01,21.08828172,21.2800764,20.62249464,20.94215244,969129,22142462.65
2022-08-02,20.8234224,20.8234224,19.50825888,19.87358208,1275650,27932054.79
2022-08-03,19.67265432,20.79602316,19.67265432,19.96491288,1158739,25849483.58
2022-08-04,20.4124338,20.4124338,19.5904566,20.01971136,773017,16884558.0
2022-08-05,20.1841068,20.56769616,19.83704976,20.56769616,1031376,22871631.0
2022-08-08,20.94215244,21.21614484,20.14757448,21.13394712,1414167,32264483.0
2022-08-09,21.0974148,21.17047944,20.42156688,20.81428932,1363623,30952742.0
2022-08-10,20.88735396,21.7367304,20.6864262,21.61800036,1877272,43784095.0
2022-08-11,21.98332356,22.35777984,21.234411,21.33487488,2006283,47421367.0
2022-08-12,21.38054028,22.6500384,21.38054028,21.63626652,3249270,78240129.0
2022-08-15,21.462738,22.11118668,20.98781784,21.33487488,1724539,40388405.53
2022-08-16,21.58146804,22.1933844,21.1887456,21.97419048,1780641,42692677.11
2022-08-17,22.18425132,22.18425132,21.1887456,21.462738,1623022,38171927.99
2022-08-18,21.44447184,25.7552856,21.29834256,25.7552856,4991586,130407467.75
2022-08-19,26.3946012,28.8148674,25.8466164,26.08407648,7323916,218104491.89
2022-08-22,26.02014492,27.2622438,24.5223198,24.86937684,4847924,136690282.99
2022-08-23,25.11597,25.7552856,23.8830042,24.4766544,3036229,81518610.33
2022-08-24,24.48578748,28.33994724,24.48578748,25.9836126,6239072,183994036.21
2022-08-25,26.6229282,27.87416016,25.21643388,27.05218296,6133830,180146031.68
2022-08-26,26.02014492,30.44055564,26.01101184,28.60480656,6353447,200475651.33
2022-08-29,26.8512552,29.50898148,23.98346808,28.37647956,7152465,213930840.14
2022-08-30,27.6732324,30.39489024,26.05667724,28.1298864,4763063,148377213.23
2022-08-31,28.312548,28.66873812,23.37155172,23.93780268,6820676,188634756.18
2022-09-01,23.746008,23.746008,21.12481404,21.52666956,5391467,131441482.96
2022-09-02,21.51753648,22.2847152,20.72295852,21.5084034,3152198,74569918.55
2022-09-05,21.5084034,23.6090118,21.5084034,22.39431216,4758965,118509393.99
2022-09-06,23.0153616,23.25282168,21.6453996,22.41257832,3943805,97560209.56
2022-09-07,22.6500384,26.8969206,22.6500384,26.8969206,5152148,144545059.1
2022-09-08,26.97911832,29.3171868,26.46766584,27.39010692,7977726,244232830.34
2022-09-09,27.39010692,27.5819016,25.65482172,26.54073048,4496609,130482696.24
2022-09-13,25.8466164,26.5315974,24.86937684,26.08407648,3705370,103790618.53
2022-09-14,25.94708028,26.27587116,24.33052512,25.78268484,3763966,104447946.82
2022-09-15,25.96534644,26.46766584,24.12959736,24.12959736,2973169,80376496.83
2022-09-16,24.60451752,24.77804604,23.4720156,23.4720156,2245273,59335545.5
2022-09-19,24.05653272,25.79181792,23.746008,24.27572664,3583946,96709593.73
2022-09-20,24.10219812,25.7552856,23.45374944,24.89677608,3873771,105026660.95
2022-09-21,24.94244148,25.68222096,24.01086732,24.7049814,2901138,78922219.81
2022-09-22,24.57711828,25.6639548,23.9286696,24.8419776,2435894,66679262.74
2022-09-23,24.659316,25.11597,23.0153616,23.1523578,2757564,71596297.45
2022-09-26,23.29848708,24.27572664,22.59523992,23.58161256,2177872,56312539.63
2022-09-27,23.75514108,25.56349092,23.72774184,24.7506468,2635230,71342948.23
2022-09-28,24.9333084,25.27123236,22.6500384,23.05189392,2661568,68592609.81
2022-09-29,23.0153616,23.3806848,22.20251748,23.061027,2082346,51740444.16
2022-09-30,23.061027,23.061027,20.94215244,20.97868476,2048009,48565048.74
2022-10-10,21.2800764,22.13858592,20.97868476,21.38967336,1450332,34252964.61
2022-10-11,21.53580264,21.67279884,20.55856308,20.777757,918369,20964689.24
2022-10-12,20.30283684,22.06552128,20.092776,21.9650574,1700162,39207589.42
2022-10-13,21.85546044,23.16149088,21.462738,22.376046,1827128,45129233.48
2022-10-14,22.81443384,25.32603084,22.4673768,23.76427416,2470340,64737237.65
2022-10-17,24.1113312,25.23470004,23.85560496,24.6136506,2815823,75808764.08
2022-10-18,25.0246392,25.14336924,24.2939928,24.48578748,2070289,55940241.8
2022-10-19,24.71411448,24.71411448,23.77340724,23.80080648,2176322,57645200.36
2022-10-20,24.202662,24.202662,22.39431216,22.63177224,2886854,72373836.53
2022-10-21,22.25731596,23.9286696,22.147719,23.59987872,2616646,66251563.18
2022-10-24,23.5633464,24.74151372,23.29848708,23.9286696,2194944,58001963.13
2022-10-25,23.82820572,27.39924,23.29848708,26.65946052,4258385,119763673.67
2022-10-26,26.3032704,26.55899664,25.05203844,26.46766584,3640552,103485299.93
2022-10-27,26.942586,26.942586,25.11597,25.38082932,2247138,63621054.8
2022-10-28,25.1616354,25.77355176,24.50405364,24.74151372,1728200,47269343.25
2022-10-31,25.2986316,26.20280652,24.8419776,26.18454036,3475887,97680369.01
2022-11-01,25.91968104,26.92431984,25.3899624,26.08407648,3167173,90043070.01
2022-11-02,25.99274568,27.2165784,25.5269586,26.90605368,3625910,105450361.72
2022-11-03,26.3946012,27.39924,26.08407648,26.88778752,3415697,100339251.05
2022-11-04,27.39924,28.1755518,26.33980272,27.64583316,4284229,128103002.91
2022-11-07,26.9882514,27.57276852,26.38546812,27.01565064,2992190,87902311.25
2022-11-08,26.485932,26.65946052,25.58175708,26.32153656,1771994,50802969.77
2022-11-09,26.69599284,26.69599284,25.90141488,26.1206088,1246369,35803729.26
2022-11-10,26.1206088,26.75079132,25.39909548,25.60002324,1433905,40472015.53
2022-11-11,26.1206088,27.3079092,25.11597,26.96085216,3737295,108314362.52
2022-11-14,26.485932,28.24861644,26.37633504,27.80109552,3688149,110660930.16
2022-11-15,27.3079092,33.32660892,27.28964304,32.11190928,5704693,191691689.92
2022-11-16,32.3311032,33.0617496,31.0981374,32.96128572,4335920,152480621.73
2022-11-17,32.93388648,33.0617496,31.052472,32.3311032,1892298,66409393.1
2022-11-18,32.422434,36.82457856,31.67352144,35.8016736,4347963,165718598.63
2022-11-21,36.24006144,40.58740752,35.08016028,38.130609,4299660,177147012.7
2022-11-22,37.41822876,37.82921736,34.09378764,35.162358,3759530,145597089.33
2022-11-23,34.705704,36.3953238,33.73759752,35.9843352,3457779,134136409.38
2022-11-24,36.52318692,37.98447972,36.075666,36.53232,2324077,93547944.04
2022-11-25,36.988974,37.18990176,34.1120538,34.32211464,2697762,103767495.12
2022-11-28,33.69193212,35.00709564,33.6097344,33.9750576,2094049,78625237.37
2022-11-29,34.9796964,34.9796964,32.2854378,32.6964264,3159834,114213791.02
2022-11-30,32.5594302,32.86995492,31.6917876,32.82428952,2030227,71998078.05
2022-12-01,33.1530804,34.99796256,31.95664692,34.91576484,3377833,124285970.33
2022-12-02,34.705704,37.3999626,34.1577192,35.9843352,3636865,143783918.89
2022-12-05,35.65554432,35.97520212,34.3403808,35.0253618,1945575,74086538.21
2022-12-06,34.28558232,35.619012,33.37227432,34.4317116,2599763,97758572.36
2022-12-07,34.32211464,35.3450196,33.6097344,33.99332376,2190029,82902237.22
2022-12-08,33.99332376,34.33124772,32.3311032,32.5594302,1926312,69824458.46
2022-12-09,32.5594302,33.1530804,31.36299672,32.03884464,1494399,52649230.41
2022-12-12,31.89271536,34.66917168,31.6917876,33.9293922,2247349,82496857.48
2022-12-13,33.07088268,34.2033846,31.56392448,31.8744492,1541235,55073280.59
2022-12-14,31.58219064,32.23063932,31.12553664,31.509126,898599,31145044.96
2022-12-15,31.8287838,32.422434,31.052472,31.83791688,657459,22898263.46
2022-12-16,31.39039596,32.04797772,30.61408416,31.280799,1168037,40036760.25
2022-12-19,30.97027428,31.29906516,29.66424384,30.6871488,1962011,65137871.04
2022-12-20,31.6461222,31.6461222,30.06609936,30.595818,1251952,42318050.25
2022-12-21,30.4131564,31.03420584,29.70077616,29.70077616,798676,26499349.87
2022-12-22,30.11176476,30.19396248,29.3171868,29.5455138,612602,19885317.21
2022-12-23,29.29892064,29.66424384,27.7645632,27.80109552,1339119,41544080.5
2022-12-26,28.4038788,31.280799,28.32168108,30.88807656,2790879,92666461.47
2022-12-27,30.595818,32.422434,30.4131564,32.1484416,2336362,81741970.77
2022-12-28,32.64162792,32.64162792,31.0068066,31.5547914,985261,33983318.88
2022-12-29,31.15293588,32.17584084,31.06160508,31.13466972,743344,25709714.97
2022-12-30,30.824145,32.12104236,29.89257084,30.98854044,876141,29379218.48
2023-01-03,30.67801572,32.77862412,30.03870012,32.57769636,1213510,42377731.87
2023-01-04,32.86995492,32.86995492,31.61872296,31.85618304,713679,25091506.04
2023-01-05,31.85618304,32.2397724,31.5547914,31.84704996,556140,19417641.15
2023-01-06,32.2854378,34.12118688,31.95664692,33.11654808,1264052,45969604.84
2023-01-09,32.7877572,35.3450196,32.53203096,33.335742,1444168,53438402.16
2023-01-10,33.7010652,34.05725532,32.6050956,32.7877572,655128,23736882.37
2023-01-11,33.34487508,33.4270728,31.8287838,31.97491308,866379,30774611.54
2023-01-12,32.194107,32.98868496,31.94751384,31.97491308,737986,26147883.55
2023-01-13,32.1484416,32.23063932,31.47259368,31.8744492,797928,27796524.06
2023-01-16,31.97491308,33.40880664,31.45432752,32.29457088,1407110,49960337.79
2023-01-17,32.194107,32.96128572,29.94736932,30.22136172,2559990,86708499.93
2023-01-18,30.83327808,31.79225148,30.56841876,31.5547914,1044475,35928793.12
2023-01-19,31.5547914,31.56392448,29.82863928,30.48622104,2074174,68838426.37
2023-01-20,29.96563548,31.12553664,29.96563548,30.66888264,1066265,35743925.89
2023-01-30,30.94287504,32.422434,30.94287504,32.26717164,1519594,53205641.61
2023-01-31,32.32197012,33.20787888,31.58219064,32.58682944,1141411,40613905.92
2023-02-01,32.91562032,33.77412984,32.34023628,32.7420918,1049587,37829225.63
2023-02-02,32.61422868,35.50941504,32.422434,33.95679144,1897091,71411666.1
2023-02-03,33.9293922,33.9293922,32.31283704,32.6964264,1072971,38614257.7
2023-02-06,32.36763552,33.45447204,31.9201146,32.94301956,1397429,50264920.73
2023-02-07,32.879088,33.26267736,32.3767686,33.0160842,665491,23889788.29
2023-02-08,33.0160842,33.18961272,32.422434,32.65989408,380158,13604243.34
2023-02-09,32.86995492,33.2444112,32.07537696,32.45896632,699217,24981571.12
2023-02-10,32.879088,32.879088,30.76021344,31.71918684,1056785,36401285.66
2023-02-13,31.96578,31.96578,29.50898148,30.139164,2091244,69826326.22
2023-02-14,30.28529328,30.29442636,29.57291304,29.75557464,1256493,41000695.6
2023-02-15,29.58204612,29.8195062,29.05232748,29.4998484,1144788,36777849.12
2023-02-16,29.28978756,29.56377996,27.55450236,27.6732324,2813478,87649171.47
2023-02-17,27.6732324,27.855894,25.76441868,26.76905748,3045027,88305245.72
2023-02-20,26.8512552,27.2165784,26.45853276,26.76905748,1714963,50191547.52
2023-02-21,26.5315974,29.79210696,26.50419816,29.39025144,4365851,136432479.98
2023-02-22,29.4998484,30.595818,27.63670008,28.18468488,3893281,122878487.19
2023-02-23,28.01115636,29.19845676,27.60016776,28.52260884,3211098,99540419.07
2023-02-24,29.0431944,29.0431944,27.3079092,28.02942252,2102859,64532934.53
2023-02-27,27.77369628,27.91982556,27.0339168,27.2622438,1271273,38191121.24
2023-02-28,27.39010692,27.72803088,26.69599284,27.60930084,1454319,43378197.95
2023-03-01,27.60930084,29.0431944,27.23484456,28.9061982,2189948,68104529.03
2023-03-02,29.09799288,29.67337692,28.312548,29.4085176,2390039,75978250.81
2023-03-03,29.454183,29.454183,28.8148674,29.09799288,874911,27844409.69
2023-03-06,28.9061982,30.47708796,28.41301188,30.0934986,1670027,54398490.91
2023-03-07,30.0478332,30.06609936,28.41301188,28.8148674,976522,31249383.48
2023-03-08,28.61393964,29.12539212,28.42214496,28.57740732,384319,12069472.26
2023-03-09,28.8605328,29.56377996,28.37647956,28.9518636,576274,18318598.0
2023-03-10,28.30341492,28.94273052,27.64583316,27.79196244,960797,29428562.2
2023-03-13,28.61393964,28.61393964,27.0339168,27.23484456,419844,12594231.03
2023-03-14,27.55450236,27.57276852,25.8922818,26.8969206,1257924,36353505.77
2023-03-15,27.16177992,27.48143772,25.92881412,26.28500424,1017294,29614492.35
2023-03-16,26.28500424,26.63206128,25.4812932,26.3032704,698150,19848163.79
2023-03-17,26.485932,26.50419816,24.78717912,24.82371144,1976330,54528631.75
2023-03-20,25.03377228,25.8466164,24.48578748,25.49042628,1331027,36884757.39
2023-03-21,25.72788636,26.20280652,25.2986316,26.00187876,965965,27308477.6
2023-03-22,26.12974188,26.31240348,24.9789738,25.32603084,1109878,30825222.15
2023-03-23,24.8419776,25.800951,24.8419776,25.27123236,1106349,30750726.08
2023-03-24,25.36256316,25.92881412,25.11597,25.42649472,793344,22189854.39
2023-03-27,25.81008408,27.3535746,25.31689776,26.942586,2055723,60231685.98
2023-03-28,26.9882514,27.09784836,25.59089016,26.01101184,1011716,28874403.64
2023-03-29,26.13887496,26.942586,24.96984072,25.0246392,1215446,34240157.06
2023-03-30,25.0703046,25.41736164,24.76891296,25.24383312,939221,25763853.6
2023-03-31,24.9789738,25.9379472,24.9333084,25.44476088,881618,24480949.41
2023-04-03,25.18903464,25.55435784,24.54971904,24.7963122,1238568,33684732.87
2023-04-04,24.7963122,25.07943768,23.89213728,25.05203844,1470650,39364986.75
2023-04-06,24.4766544,25.19816772,24.02913348,25.11597,1252779,33661658.53
2023-04-07,24.9333084,25.70048712,24.69584832,25.1616354,1141499,31420710.49
2023-04-10,25.4812932,25.4812932,24.6136506,24.81457836,809701,22102773.61
2023-04-11,24.54971904,24.7049814,24.28485972,24.34879128,622334,16628200.46
2023-04-12,24.62278368,25.7096202,24.45838824,25.32603084,1547594,42808266.89
2023-04-13,25.50869244,25.50869244,24.13873044,24.659316,1307932,35025166.9
2023-04-14,24.659316,25.07943768,24.31225896,24.86024376,889516,24083435.47
2023-04-17,25.45389396,25.45389396,23.93780268,24.12959736,1468087,39481488.84
2023-04-18,24.08393196,24.22092816,23.12495856,23.25282168,1177579,30167012.21
2023-04-19,23.30762016,23.41721712,22.97882928,23.26195476,576150,14657708.42
2023-04-20,23.1066924,23.53594716,22.6957038,22.84183308,665704,16724331.92
2023-04-21,23.0153616,23.27108784,21.6453996,21.94679124,1605513,39116005.19
2023-04-24,22.27558212,22.27558212,21.24354408,21.49013724,1206061,28428854.48
2023-04-25,21.19787868,21.51753648,20.85082164,21.34400796,1391445,32280937.61
2023-04-26,20.33936916,22.5587076,20.33936916,22.40344524,1188873,28831889.71
2023-04-27,22.40344524,22.8327,21.85546044,22.40344524,656458,16088955.49
2023-04-28,22.25731596,23.0153616,22.02898896,22.59523992,786700,19386585.3
2023-05-04,22.54044144,23.289354,21.9650574,22.16598516,1134346,27936133.64
2023-05-05,22.0563882,22.58610684,21.7823958,22.25731596,501421,12136526.54
2023-05-08,23.5633464,24.86024376,23.17062396,23.71860876,2504211,66166579.0
2023-05-09,23.64554412,24.1113312,22.376046,22.376046,1641391,41116810.86
2023-05-10,22.54044144,23.38981788,22.06552128,23.20715628,1177174,29519638.42
2023-05-11,24.1113312,24.1113312,22.57697376,22.81443384,874730,21929522.47
2023-05-12,22.48564296,23.289354,22.33951368,22.7413692,1226031,30696537.3
2023-05-15,22.604373,23.3350194,22.604373,22.84183308,932971,23422276.97
2023-05-16,22.61350608,23.17062396,22.3303806,22.8327,652830,16298178.37
2023-05-17,22.96056312,24.37619052,22.6500384,24.1569966,1503077,39216469.07
2023-05-18,24.1569966,25.33516392,24.01086732,24.3396582,1442859,38827420.4
2023-05-19,24.3396582,24.46752132,23.84647188,24.3396582,1155166,30499087.1
2023-05-22,24.3853236,25.8466164,24.26659356,25.800951,1768145,48963928.19
2023-05-23,25.6182894,25.8466164,24.659316,25.00637304,1344676,37164558.56
2023-05-24,24.67758216,25.36256316,24.58625136,24.7963122,948198,25824963.67
2023-05-25,24.73238064,25.72788636,24.63191676,25.4356278,1366759,37771218.29
2023-05-26,25.17076848,25.46302704,24.65018292,25.17076848,856718,23549814.24
2023-05-29,25.35343008,25.99274568,24.48578748,24.53145288,1029466,28453375.89
2023-05-30,24.75977988,25.46302704,24.5679852,25.10683692,811894,22217048.13
2023-05-31,25.23470004,25.23470004,24.08393196,24.18439584,1272131,34045371.15
2023-06-01,24.1569966,25.07943768,23.94693576,24.68671524,945619,25591095.17
2023-06-02,24.59538444,26.11147572,24.37619052,25.572624,1528424,42682203.92
2023-06-05,25.49042628,25.73701944,25.04290536,25.4356278,801521,22323897.29
2023-06-06,25.7552856,25.7552856,24.59538444,24.92417532,721078,19606476.09
2023-06-07,24.74151372,24.7506468,23.95606884,24.18439584,735990,19547283.62
2023-06-08,24.32139204,24.41272284,23.29848708,23.29848708,712063,18478451.21
2023-06-09,23.289354,24.04739964,23.289354,23.4720156,704202,18182105.41
2023-06-12,23.80080648,23.84647188,23.1980232,23.6090118,546068,14069117.3
2023-06-13,23.39895096,24.0656658,23.39895096,23.81907264,471471,12302641.11
2023-06-14,23.73687492,24.7049814,23.25282168,24.09306504,1066439,27988192.64
2023-06-15,23.75514108,25.46302704,23.75514108,25.2986316,1744171,47818999.67
2023-06-16,25.2986316,26.27587116,24.90590916,26.029278,1610031,45226133.6
2023-06-19,26.029278,26.714259,25.60002324,26.35806888,1541092,44224680.05
2023-06-20,26.33980272,27.82849476,26.029278,27.72803088,3155775,93448813.1
2023-06-21,28.00202328,28.00202328,26.485932,26.77819056,1832347,53996795.39
2023-06-26,26.6685936,27.48143772,26.32153656,26.93345292,1594142,46942742.24
2023-06-27,26.96085216,27.54536928,26.75079132,26.87865444,1075319,31965453.86
2023-06-28,27.07044912,27.49970388,26.485932,27.08871528,785473,23252306.36
2023-06-29,27.40837308,27.8102286,26.72339208,27.18917916,1233001,36949121.14
2023-06-30,27.09784836,28.37647956,26.87865444,27.78282936,1605365,48818674.83
2023-07-03,27.78282936,27.89242632,25.9379472,26.09320956,1410758,41034383.79
2023-07-04,26.22107268,27.48143772,26.14800804,27.33530844,1276232,37730523.08
2023-07-05,27.39010692,27.39010692,26.029278,26.257605,902159,26042511.03
2023-07-06,26.33066964,26.36720196,25.85574948,26.24847192,506884,14486613.03
2023-07-07,26.5321,26.5321,25.662945,25.937415,627715,17813001.64
2023-07-10,25.781882,26.303375,25.114005,25.205495,416426,11565668.4
2023-07-11,25.205495,25.6172,25.040813,25.580604,390395,10826983.25
2023-07-12,25.397624,25.955713,24.967621,25.150601,453489,12518802.55
2023-07-13,25.214644,27.858705,25.214644,27.044444,2176234,63790668.96
2023-07-14,27.593384,27.840407,25.415922,25.992309,1758494,49937178.84
2023-07-17,25.98316,25.992309,24.537618,24.995068,1016855,27788881.32
2023-07-18,24.949323,25.964862,24.528469,25.635498,973691,26997591.24
2023-07-19,25.726988,25.736137,25.150601,25.52571,668945,18584818.76
2023-07-20,25.6172,25.6172,23.677612,24.107615,1305436,34827953.33
2023-07-21,24.281446,24.738896,23.69591,24.180807,857765,22709669.63
2023-07-24,23.705059,24.546767,23.192715,23.778251,868099,22399174.57
2023-07-25,23.769102,24.107615,23.595271,23.778251,860354,22364702.0
2023-07-26,23.7874,24.06187,23.558675,23.851443,620147,16099260.45
2023-07-27,23.7874,24.24485,23.211013,23.677612,719614,18592005.03
2023-07-28,23.659314,23.659314,22.707818,23.284205,690405,17351169.92
2023-07-31,23.23846,23.805698,23.064629,23.494632,601940,15426248.9
2023-08-01,23.494632,23.595271,23.101225,23.384844,583757,14864091.51
2023-08-02,23.293354,23.412291,22.762712,23.137821,625817,15751969.16
2023-08-03,22.744414,23.284205,22.744414,23.23846,506334,12768095.61
2023-08-04,23.092076,23.714208,22.973139,23.293354,638904,16268931.38
2023-08-07,23.018884,23.256758,22.753563,22.96399,560325,14037662.73
2023-08-08,22.826755,22.826755,21.86611,22.222921,949939,23085620.25
2023-08-09,22.213772,22.222921,21.619087,21.802067,904451,21548702.76
2023-08-10,21.902706,22.04909,21.619087,22.012494,369283,8820052.02
2023-08-11,22.131431,22.158878,21.31717,21.600789,834542,19789124.7
2023-08-14,21.50015,21.673981,20.932912,21.673981,765130,17783591.33
2023-08-15,21.673981,21.820365,20.740783,21.115892,800410,18408485.8
2023-08-16,21.033551,21.161637,20.329078,20.612697,919593,20707273.15
2023-08-17,20.393121,20.813975,19.679499,20.76823,1479131,32743599.08
2023-08-18,20.383972,21.006104,20.292482,20.539505,868140,19604611.47
2023-08-21,20.338227,20.749932,20.1278,20.319929,744857,16582049.0
2023-08-22,20.045459,20.319929,19.432476,20.100353,1289597,27944296.25
2023-08-23,20.008863,20.100353,19.350135,19.359284,570760,12212991.75
2023-08-24,19.359284,19.496519,18.93843,19.075665,1417364,29681750.89
2023-08-25,18.892685,19.588009,18.865238,19.112261,1243548,26230103.32
2023-08-28,20.40227,20.40227,18.526725,18.718854,1302714,27067452.47
2023-08-29,18.718854,20.027161,18.462682,19.908224,1718418,36941068.46
2023-08-30,20.054608,20.740783,20.054608,20.40227,1099038,24484227.45
2023-08-31,20.512058,20.813975,20.018012,20.722485,1241204,27966205.43
2023-09-01,20.832273,20.832273,20.274184,20.722485,1077380,24235811.36
2023-09-04,20.978657,21.015253,19.825883,20.255886,1454738,31961144.06
2023-09-05,20.237588,20.576101,20.118651,20.393121,943629,20941925.96
2023-09-06,20.31078,20.749932,20.182694,20.749932,859110,19309234.61
2023-09-07,20.749932,20.749932,20.008863,20.155247,891765,19724198.61
2023-09-08,19.981416,20.365674,19.880777,20.246737,550637,12171259.72
2023-09-11,20.338227,20.695038,19.990565,20.630995,1036314,23178857.71
2023-09-12,20.67674,20.740783,20.255886,20.640144,655698,14682213.95
2023-09-13,20.521207,20.557803,19.752691,20.072906,898324,19684535.47
2023-09-14,19.880777,20.1278,19.496519,19.780138,948709,20404703.6
2023-09-15,19.780138,19.990565,19.322688,19.542264,1171045,24960226.52
2023-09-18,19.624605,23.448887,19.377582,22.643775,4839161,115275873.47
2023-09-19,22.012494,22.195474,20.85972,21.243978,4905582,113586213.31
2023-09-20,21.024402,21.454405,20.438866,20.438866,2853447,65028692.62
2023-09-21,20.292482,20.429717,19.002473,19.350135,3013551,64361728.85
2023-09-22,19.185453,19.48737,18.819493,19.423327,2246147,47283537.11
2023-09-25,19.542264,20.429717,19.48737,19.981416,2362596,51367416.49
2023-09-26,19.652052,20.932912,19.652052,20.200992,1939706,43104282.42
2023-09-27,20.118651,20.804826,19.789287,20.374823,1974112,44154490.16
2023-09-28,20.58525,20.58525,19.652052,19.706946,1838273,40064342.1
2023-10-09,19.588009,20.072906,19.322688,19.706946,1800722,38793221.28
2023-10-10,19.85333,19.85333,19.350135,19.414178,1032784,21994587.27
2023-10-11,19.386731,19.981416,19.194602,19.551413,1058146,22645347.6
2023-10-12,19.67035,19.972267,19.368433,19.85333,921659,19817147.5
2023-10-13,19.67035,19.780138,19.322688,19.469072,914022,19436480.43
2023-10-16,19.469072,19.469072,18.691407,18.901834,1063641,21956795.48
2023-10-17,19.02992,19.2129,18.746301,19.002473,799117,16533522.57
2023-10-18,18.956728,18.956728,18.20651,18.38949,1080873,21713413.41
2023-10-19,18.252255,18.691407,18.142467,18.48098,620722,12503867.08
2023-10-20,18.142467,18.618215,17.776507,18.270553,975953,19364761.6
2023-10-23,18.041828,18.105871,17.090332,17.209269,1246188,23741207.16
2023-10-24,17.593527,18.645662,17.245865,18.48098,1946069,38628055.55
2023-10-25,18.599917,19.12141,18.380341,18.947579,921345,18976013.78
2023-10-26,18.599917,19.093963,18.508427,18.965877,739203,15156212.76
2023-10-27,18.93843,19.066516,18.654811,18.892685,675548,13942445.25
2023-10-30,18.801195,19.386731,18.718854,19.322688,732056,15315198.84
2023-10-31,18.874387,19.075665,17.666719,17.959487,2016810,40174264.62
2023-11-01,18.133318,18.279702,17.703315,17.93204,1100562,21589280.06
2023-11-02,17.712464,18.160765,17.428845,17.721613,1080895,20923191.44
2023-11-03,17.84055,18.435235,17.721613,18.197361,1254140,24826503.13
2023-11-06,18.517576,19.020771,18.160765,18.84694,1414354,29020474.05
2023-11-07,19.130559,19.130559,18.462682,18.901834,1439670,29557120.32
2023-11-08,18.93843,19.084814,18.682258,18.929281,1075452,22232893.99
2023-11-09,19.02992,19.185453,18.627364,18.782897,951174,19620859.97
2023-11-10,18.645662,18.810344,18.444384,18.75545,602756,12236347.93
2023-11-13,18.618215,18.901834,18.416937,18.66396,700242,14264566.33
2023-11-14,18.66396,19.075665,18.66396,18.965877,797270,16457980.52
2023-11-15,19.295241,19.505668,19.011622,19.386731,1284318,27031901.8
2023-11-16,19.340986,19.386731,18.792046,18.901834,1008903,20992172.24
2023-11-17,18.901834,19.075665,18.66396,19.048218,890707,18404917.03
2023-11-20,19.2129,19.67035,18.901834,19.606307,1199231,25428005.64
2023-11-21,19.679499,19.679499,18.975026,19.066516,1035952,21765406.1
2023-11-22,19.112261,19.203751,18.57247,18.627364,754349,15486430.33
2023-11-23,18.599917,19.02992,18.435235,19.02992,886561,18215664.37
2023-11-24,19.02992,19.02992,18.233957,18.526725,1059191,21369935.75
2023-11-27,18.435235,18.828642,18.261404,18.517576,616338,12439507.12
2023-11-28,18.371192,19.103112,18.334596,19.02992,957087,19763698.36
2023-11-29,18.828642,19.386731,18.828642,19.176304,1006733,21128848.06
2023-11-30,19.130559,19.276943,18.38949,18.75545,1168888,23861844.54
2023-12-01,18.581619,18.728003,18.233957,18.627364,967519,19463315.64
2023-12-04,18.471831,18.609066,18.02353,18.087573,1065065,21175380.35
2023-12-05,18.069275,18.252255,17.858848,17.941189,1018544,20061294.18
2023-12-06,17.941189,18.279702,17.739911,17.895444,973395,19143358.94
2023-12-07,17.794805,17.950338,17.602676,17.831401,784273,15201709.74
2023-12-08,17.74906,17.922891,17.437994,17.520335,743166,14326261.11
2023-12-11,17.465441,17.886295,17.300759,17.877146,769627,14811287.51
2023-12-12,17.822252,17.996083,17.456292,17.630123,763087,14680505.63
2023-12-13,17.584378,17.74906,17.309908,17.739911,791361,15196561.88
2023-12-14,17.703315,17.739911,17.428845,17.520335,612679,11767076.42
2023-12-15,17.511186,17.730762,17.163524,17.255014,704900,13357810.0
2023-12-18,17.309908,17.47459,16.83416,16.889054,697754,12970169.88
2023-12-19,16.870756,17.044587,16.687776,17.007991,415553,7662918.65
2023-12-20,17.007991,17.29161,17.007991,17.026289,630747,11846570.12
2023-12-21,17.364802,17.364802,16.568839,17.126928,661718,12249501.02
2023-12-22,17.364802,17.364802,16.733521,16.797564,599916,11070241.21
2023-12-25,16.806713,17.273312,16.724372,17.154375,902253,16797175.76
2023-12-26,17.47459,17.492888,16.577988,16.733521,709768,13046881.31
2023-12-27,16.55969,17.090332,16.55969,16.83416,603473,11130873.02
2023-12-28,16.852458,18.179063,16.577988,17.877146,1853698,35864027.91
2023-12-29,17.877146,18.288851,17.648421,18.20651,1236715,24333185.24
2024-01-02,18.188212,18.288851,17.611825,17.803954,1459574,28503776.93
2024-01-03,17.666719,17.785656,17.309908,17.547782,903435,17264601.62
2024-01-04,17.3831,17.611825,17.209269,17.401398,530115,10042287.26
2024-01-05,17.328206,17.630123,16.706074,16.83416,979559,18225123.92
2024-01-08,16.83416,17.044587,16.4682,16.4682,1077926,19643968.52
2024-01-09,16.4682,17.227567,16.459051,16.843309,957962,17662164.85
2024-01-10,16.83416,17.172673,16.532243,16.989693,949669,17564918.5
2024-01-11,16.724372,17.282461,16.669478,17.145226,750025,13908330.34
2024-01-12,16.907352,17.520335,16.815862,17.053736,741747,13996341.53
2024-01-15,17.145226,17.145226,16.395008,16.587137,1106875,20036408.24
2024-01-16,16.669478,16.770117,15.873515,16.303518,1004133,17732619.98
2024-01-17,16.303518,16.303518,15.745429,15.965005,463080,8107148.29
2024-01-18,15.937558,15.955856,15.09585,15.708833,789040,13283241.04
2024-01-19,15.708833,15.873515,15.114148,15.416065,761498,12808354.71
2024-01-22,15.379469,15.379469,14.153503,14.501165,834371,13441472.39
2024-01-23,14.263291,14.940317,13.741798,14.235844,1214523,18601596.89
2024-01-24,14.208397,14.537761,13.686904,14.244993,989774,15201825.89
2024-01-25,14.318185,15.516704,14.071162,15.425214,1422519,23242867.53
2024-01-26,15.663088,15.663088,14.647549,14.711592,955582,15725771.14
2024-01-29,14.839678,14.995211,14.290738,14.629251,798159,12660591.03
2024-01-30,14.492016,14.492016,13.732649,13.888182,823746,12630657.09
2024-01-31,13.90648,14.025417,12.781153,12.90009,1154121,16659782.25
2024-02-01,12.570726,13.220305,12.570726,13.037325,1093190,15418647.39
2024-02-02,12.790302,13.119666,11.491144,12.241362,1202291,15961249.81
2024-02-05,12.122425,12.122425,10.118794,10.878161,1658637,19384814.39
2024-02-06,10.073049,11.125184,9.615599,10.658585,1826302,20519525.47
2024-02-07,10.503052,10.52135,9.78943,10.109645,1597974,17583715.37
2024-02-08,10.127943,12.104127,9.871771,11.628379,1789846,21471296.98
2024-02-19,11.52774,12.570726,11.52774,11.98519,1307368,17339120.33
2024-02-20,11.765614,12.104127,11.683273,11.783912,890865,11524242.29
2024-02-21,11.600932,12.44264,11.600932,12.25966,1315902,17480711.0
2024-02-22,12.314554,12.433491,12.021786,12.406044,915174,12225661.32
2024-02-23,12.488385,13.26605,12.342001,13.137964,1334260,18709471.91
2024-02-26,13.714351,14.18095,13.147113,13.81499,2128853,32056276.18
2024-02-27,13.54052,14.071162,13.366689,14.071162,1463482,22008019.69
2024-02-28,14.08946,14.54691,12.598173,12.8086,2200724,32419502.11
2024-02-29,12.8086,13.558818,12.35115,13.44903,2721157,38414969.49
2024-03-01,13.44903,13.458179,12.836047,13.147113,3103056,44468814.11
2024-03-04,13.165411,13.412434,12.506683,12.799451,1986279,27861213.24
2024-03-05,12.735408,12.790302,12.186468,12.25966,1656603,22499683.1
2024-03-06,12.332852,12.881792,12.332852,12.762855,1828280,25323618.03
2024-03-07,12.909239,13.275199,12.589024,12.653067,1890714,26643780.53
2024-03-08,12.634769,12.90009,12.497534,12.90009,1110301,15462837.52
2024-03-11,13.073921,13.147113,12.826898,13.064772,1057892,15001599.74
2024-03-12,13.110517,13.421583,13.000729,13.256901,1463505,21072994.34
2024-03-13,13.348391,13.366689,13.037325,13.183709,1411733,20381928.94
2024-03-14,13.183709,13.348391,12.753706,13.037325,1332097,18958963.89
2024-03-15,13.128815,13.403285,12.863494,13.366689,1235299,17789710.33
2024-03-18,13.430732,13.769245,13.412434,13.769245,1450954,21583385.6
2024-03-19,13.824139,13.888182,13.558818,13.641159,1203962,18024006.99
2024-03-20,13.595414,13.7235,13.458179,13.622861,1365508,20297818.49
2024-03-21,13.714351,13.851586,13.339242,13.659457,1206580,17990596.46
2024-03-22,13.659457,13.7235,13.037325,13.137964,1422182,20684202.85
2024-03-25,13.247752,13.247752,12.598173,12.598173,1059372,14898389.98
2024-03-26,12.598173,12.698812,12.140723,12.524981,1033830,14074686.31
2024-03-27,12.488385,12.552428,11.911998,11.966892,874279,11659558.42
2024-03-28,12.058382,12.689663,11.976041,12.570726,1093195,14830411.84
2024-03-29,12.561577,13.055623,12.460938,12.881792,1050090,14638375.26
2024-04-01,13.009878,13.128815,12.698812,13.08307,1071891,15160845.76
2024-04-02,13.156262,13.220305,12.826898,13.08307,1158928,16539688.64
2024-04-03,12.909239,13.137964,12.671365,12.973282,1005307,14081284.59
2024-04-08,12.836047,12.890941,11.948594,12.003488,1330829,17919093.86
2024-04-09,12.003488,12.598173,12.003488,12.561577,975020,13165360.79
2024-04-10,12.579875,13.147113,12.131574,12.241362,1571022,21713791.3
2024-04-11,12.241362,12.524981,11.921147,12.204766,1200017,16060394.0
2024-04-12,12.149872,12.579875,11.976041,11.994339,935421,12526630.36
2024-04-15,11.637528,12.342001,10.905608,11.170929,1993114,24865271.04
2024-04-16,10.987949,11.106886,10.082198,10.127943,1541869,17408073.3
2024-04-17,10.329221,11.16178,10.228582,10.960502,1707053,20198499.15
2024-04-18,11.143482,11.280717,10.695181,11.106886,1185273,14315581.22
2024-04-19,11.042843,11.216674,10.676883,10.905608,942959,11231030.2
2024-04-22,10.997098,11.866253,10.61284,11.463697,2080738,25863132.98
2024-04-23,11.326462,11.582634,11.299015,11.381356,1349279,16879258.83
2024-04-24,11.930296,11.98519,11.353909,11.966892,1405835,18083979.84
2024-04-25,11.902849,12.25966,11.820508,12.122425,1258589,16644992.89
2024-04-26,12.122425,12.296256,11.921147,12.213915,1044567,13855182.26
2024-04-29,12.387746,13.119666,12.387746,13.064772,1798575,25414033.71
2024-04-30,12.945835,13.549669,12.927537,13.375838,2134282,30930243.84
2024-05-06,13.384987,13.586265,13.128815,13.35754,1528690,22253482.67
2024-05-07,13.860735,14.894572,13.860735,14.556059,3172965,50392796.24
2024-05-08,14.382228,14.409675,13.430732,13.595414,2630062,39612697.09
2024-05-09,13.430732,13.897331,13.430732,13.622861,1751648,26235907.44
2024-05-10,13.522222,13.833288,13.430732,13.503924,1360576,20218657.55
2024-05-13,13.403285,14.052864,13.202007,13.63201,1302995,19442366.85
2024-05-14,13.503924,13.888182,13.503924,13.778394,999685,14965102.88
2024-05-15,13.769245,14.244993,13.641159,13.915629,1450682,22232603.66
2024-05-16,14.071162,14.263291,13.522222,13.769245,994873,15041380.31
2024-05-17,13.778394,13.851586,13.54052,13.7235,778654,11645433.07
2024-05-20,13.915629,14.007119,13.696053,13.787543,978862,14763446.38
2024-05-21,13.732649,13.833288,13.476477,13.659457,732034,10901218.91
2024-05-22,13.842437,14.071162,13.604563,14.043715,1036985,15716300.83
2024-05-23,14.062013,14.080311,13.558818,13.577116,987588,14810213.83
2024-05-24,13.668606,13.686904,13.394136,13.494775,532894,7882608.87
2024-05-27,13.284348,13.586265,13.037325,13.44903,820145,11858638.47
2024-05-28,13.485626,13.577116,13.293497,13.384987,553461,8135753.82
2024-05-29,13.412434,13.714351,13.137964,13.494775,702460,10338467.59
2024-05-30,13.586265,13.586265,13.302646,13.485626,560052,8226004.47
2024-05-31,13.577116,13.869884,13.375838,13.796692,1005924,15019907.07
2024-06-03,13.915629,13.915629,13.247752,13.467328,1191361,17622221.68
2024-06-04,13.35754,13.44903,12.561577,12.854345,1312648,18365649.76
2024-06-05,12.927537,12.927537,12.451789,12.589024,601316,8305831.66
2024-06-06,12.589024,12.71711,11.774763,12.07668,1040515,13741543.63
2024-06-07,12.07668,12.314554,11.838806,12.159021,857600,11320064.5
2024-06-11,12.35115,12.35115,11.793061,12.159021,766628,10069391.39
2024-06-12,12.07668,12.62562,12.07668,12.451789,1043276,14190622.48
2024-06-13,12.53413,12.936686,12.241362,12.817749,1124353,15550560.86
2024-06-14,12.8086,12.8086,12.415193,12.62562,741332,10155780.29
2024-06-17,12.479236,12.570726,12.296256,12.488385,1248205,16954728.06
2024-06-18,12.35115,12.561577,12.223064,12.497534,936828,12732437.13
2024-06-19,12.616471,12.790302,12.470087,12.616471,839069,11555948.04
2024-06-20,12.653067,13.064772,12.488385,12.99158,1926342,27190513.39
2024-06-21,12.854345,13.110517,12.296256,12.62562,1316023,18041037.17
2024-06-24,12.689663,12.689663,11.98519,12.113276,1062542,14220214.0
2024-06-25,12.113276,12.406044,12.012637,12.186468,781852,10425055.53
2024-06-26,12.261925,12.6203505,12.186467,12.6203505,953636,12521094.52
2024-06-27,12.53546025,12.81842775,12.42227325,12.49773125,779214,10425219.0
2024-06-28,12.45057,12.8089955,12.45057,12.6580795,698204,9375597.04
2024-07-01,12.6580795,12.7712665,12.29022175,12.6203505,719092,9483625.75
2024-07-02,12.6203505,12.68637625,12.38454425,12.46000225,612987,8099229.5
2024-07-03,12.4694345,12.488299,11.78088025,11.83747375,1377882,17538410.96
2024-07-04,11.81860925,11.98838975,11.46018375,11.5262095,1083676,13440005.49
2024-07-05,11.5262095,11.74315125,11.34699675,11.733719,494912,6059090.2
2024-07-08,11.5639385,12.00725425,11.2998355,11.469616,658669,7980380.72
2024-07-09,11.3752935,11.74315125,11.1489195,11.7148545,693637,8405119.17
2024-07-10,11.55450625,11.83747375,11.44131925,11.51677725,541247,6679771.16
2024-07-11,11.7148545,12.23362825,11.7148545,12.224196,1150959,14720665.79
2024-07-12,12.2430605,12.34681525,11.9789575,12.07328,803956,10351969.63
2024-07-15,12.04498325,12.0544155,11.7525835,11.78088025,536822,6747099.56
2024-07-16,11.846906,11.846906,11.507345,11.6016675,657453,8087000.35
2024-07-17,11.620532,11.7525835,11.394158,11.4884805,405408,4933611.27
2024-07-18,11.3375645,11.582803,11.130055,11.51677725,503447,6045687.04
2024-07-19,11.51677725,11.733719,11.356429,11.69599,548442,6745546.31
2024-07-22,11.620532,11.7903125,11.620532,11.74315125,418993,5202587.15
2024-07-23,11.79974475,11.8657705,11.47904825,11.507345,511299,6304311.49
2024-07-24,11.42245475,11.62996425,11.1489195,11.27153875,520506,6223598.23
2024-07-25,11.29040325,11.545074,11.0734615,11.3187,438517,5238735.79
2024-07-26,11.3187,11.57337075,11.2621065,11.5262095,489251,5937790.03
2024-07-29,11.6771255,11.771448,11.32813225,11.431887,391135,4741159.87
2024-07-30,11.74315125,11.74315125,11.3375645,11.53564175,595483,7256323.85
2024-07-31,11.53564175,11.8280415,11.1866485,11.7903125,1014740,12599129.46
2024-08-01,11.7903125,11.960093,11.7148545,11.93179625,854178,10731167.56
2024-08-02,11.7903125,11.922364,11.55450625,11.62996425,661876,8241778.46
2024-08-05,11.49791275,11.66769325,11.15835175,11.1866485,1062537,12850965.93
2024-08-06,11.21494525,11.469616,11.21494525,11.356429,573914,6890714.85
2024-08-07,11.394158,11.469616,11.1866485,11.2243775,473183,5663452.48
2024-08-08,11.23380975,11.280971,11.016868,11.27153875,496263,5866336.76
2024-08-09,11.23380975,11.431887,11.205513,11.243242,294502,3525333.49
2024-08-12,11.280971,11.280971,10.9980035,11.243242,372320,4409424.51
2024-08-13,11.23380975,11.30926775,11.04516475,11.2998355,430704,5104782.31
2024-08-14,11.2243775,11.356429,11.10175825,11.15835175,273265,3245828.96
2024-08-15,11.08289375,11.280971,10.87538425,11.167784,467874,5495739.43
2024-08-16,11.10175825,11.243242,10.94141,11.04516475,479442,5630540.86
2024-08-19,11.04516475,11.13948725,10.8093585,10.94141,320400,3720065.87
2024-08-20,10.96970675,11.016868,10.61128125,10.63014575,451596,5142897.46
2024-08-21,10.59241675,10.8848165,10.59241675,10.66787475,352178,4008896.47
2024-08-22,10.81879075,10.8848165,10.5452555,10.6207135,462361,5259761.67
2024-08-23,10.61128125,10.8093585,10.375475,10.76219725,388886,4388266.04
2024-08-26,10.68673925,11.130055,10.64901025,10.72446825,450448,5146407.73
2024-08-27,10.68673925,10.752765,10.56412,10.56412,317305,3573250.12
2024-08-28,10.49809425,10.96970675,10.4697975,10.8470875,411965,4712855.39
2024-08-29,10.81879075,11.30926775,10.76219725,11.2621065,595428,7021653.89
2024-08-30,12.12044125,13.091963,11.81860925,12.36567975,3207828,42306931.87
2024-09-02,12.412841,12.7335375,12.224196,12.23362825,1789799,23526148.28
2024-09-03,12.261925,12.64864725,12.0921445,12.51659575,1207843,15983591.99
2024-09-04,12.5448925,12.64864725,12.3185185,12.45057,979818,12956588.56
2024-09-05,12.639215,12.7335375,12.4694345,12.676944,975203,13052194.56
2024-09-06,12.7335375,12.8844535,12.34681525,12.375112,868504,11600321.88
2024-09-09,12.337383,12.59205375,12.00725425,12.488299,1064701,13890858.24
2024-09-10,12.40340875,12.7335375,12.29022175,12.5448925,906922,12015813.92
2024-09-11,12.79956325,12.96934375,12.563757,12.714673,1046002,14098132.44
2024-09-12,12.639215,12.9599115,12.59205375,12.752402,824590,11166906.55
2024-09-13,12.64864725,12.64864725,12.337383,12.47886675,784041,10375573.43
2024-09-18,12.601486,12.601486,12.25249275,12.488299,870453,11437843.81
2024-09-19,12.4694345,12.62978275,12.36567975,12.57318925,666826,8849132.86
2024-09-20,12.5448925,12.6580795,12.3562475,12.488299,670910,8850534.31
2024-09-23,12.38454425,12.5448925,12.29022175,12.47886675,498944,6590090.54
2024-09-24,12.38454425,12.8467245,12.375112,12.8467245,823807,11034804.98
2024-09-25,12.8467245,13.1485565,12.7335375,12.82786,1169950,16103558.33
2024-09-26,12.8467245,13.20515,12.6958085,13.20515,965564,13294682.11
2024-09-27,13.393795,13.89370425,13.318337,13.8276785,1002874,14514401.7
2024-09-30,14.27251124,15.76790698,14.08322064,15.63540356,2858518,45246947.14
2024-10-08,18.4558335,18.46529803,16.7522181,17.72706469,3698820,68072283.98
2024-10-09,17.05508306,17.1307993,15.78683604,15.8057651,2578352,45317010.2
2024-10-10,15.92880399,16.59132109,15.79630057,16.30738519,1880552,32269760.72
2024-10-11,16.15595271,16.53453391,15.07699629,15.28521595,1920390,31457313.55
2024-10-14,15.4271839,15.67326168,15.22842877,15.65433262,1150018,18755718.96
2024-10-15,15.6164745,15.89094587,15.29468048,15.47450655,1136752,18790190.11
2024-10-16,15.56915185,15.64486809,15.19057065,15.37986125,999431,16245962.29
2024-10-17,15.37986125,15.56915185,15.09592535,15.18110612,727695,11783485.8
2024-10-18,15.22842877,16.11809459,15.09592535,15.85308775,1461463,24048896.48
2024-10-21,15.82469416,16.55346297,15.82469416,16.39256596,1796781,30880062.26
2024-10-22,16.28845613,16.4682822,16.09916553,16.3736369,959535,16518164.7
2024-10-23,16.36417237,16.62917921,16.23166895,16.61025015,1182719,20566616.07
2024-10-24,16.38310143,16.92257964,16.38310143,16.71435998,1064339,18793556.81
2024-10-25,16.63864374,16.98883135,16.47774673,16.74275357,1369805,24195008.76
2024-10-28,16.82793434,17.2254446,16.72382451,16.98883135,1628552,29161722.8
2024-10-29,17.1307993,17.21598007,16.48721126,16.7522181,1764424,31415163.84
2024-10-30,16.3736369,16.3736369,15.9004104,16.089701,2256248,38242832.42
2024-10-31,16.34524331,16.43988861,16.02344929,16.23166895,1765913,30276432.41
2024-11-01,16.02344929,16.61025015,15.5218292,15.73951339,2289990,38616100.31
2024-11-04,15.5218292,16.10863006,15.5218292,16.07077194,1196235,20149821.65
2024-11-05,16.43042408,17.97314247,16.43042408,17.71760016,4483585,82168408.65
2024-11-06,18.12457495,19.17513778,17.74599375,17.85956811,5745317,111905293.95
2024-11-07,17.77438734,18.02992965,17.43366426,17.63241939,3526913,65683802.91
2024-11-08,17.83117452,19.10888607,17.67974204,18.60726598,4933080,96654415.36
2024-11-11,18.6451241,20.55695916,18.24761384,20.05533907,5586022,114489747.57
2024-11-12,20.02694548,20.02694548,18.87227282,19.32657026,3468004,70804193.32
2024-11-13,19.23192496,19.25085402,18.44636897,18.80602111,2246536,44455551.53
2024-11-14,18.67351769,18.84387923,18.02992965,18.21922025,1744517,33796704.6
2024-11-15,18.19082666,18.46529803,17.982607,18.21922025,1672478,32194124.78
2024-11-18,18.39904632,18.4558335,17.17812195,17.30116084,1545944,28637833.44
2024-11-19,17.29169631,17.74599375,17.11187024,17.74599375,1556076,28679204.01
2024-11-20,17.7933164,17.982607,17.65134845,17.96367794,1502737,28317714.19
2024-11-21,18.1718976,18.30440102,17.67027751,18.02046512,1629170,30931125.7
2024-11-22,18.00153606,18.03939418,17.04561853,17.08347665,1746409,32238789.06
2024-11-25,17.08347665,17.55670315,17.05508306,17.5093805,1605078,29394941.6
2024-11-26,17.47152238,17.72706469,16.99829588,17.1307993,1274654,23255025.59
2024-11-27,17.10240571,17.33901896,16.31684972,17.33901896,1323458,23581007.83
2024-11-28,17.5093805,17.5093805,17.1307993,17.26330272,966484,17615842.79
2024-11-29,17.1307993,17.61349033,16.88472152,17.51884503,1425455,26094093.94
2024-12-02,17.6040258,17.85010358,17.42419973,17.7933164,1371157,25648527.57
2024-12-03,17.83117452,18.34225914,17.71760016,18.16243307,1779930,33780978.91
2024-12-04,18.0772523,18.14350401,17.58509674,17.82170999,1436598,27047165.23
2024-12-05,17.75545828,18.19082666,17.66081298,18.13403948,1507606,28695800.04
2024-12-06,18.3611882,18.38958179,17.73652922,18.16243307,1518565,28999851.15
2024-12-09,18.0772523,18.24761384,17.74599375,17.93528435,1122277,21327860.05
2024-12-10,18.4558335,18.76816299,18.15296854,18.3611882,2218088,43215554.38
2024-12-11,18.25707837,18.28547196,17.96367794,18.24761384,1317449,25226283.5
2024-12-12,18.24761384,18.38011726,17.87849717,18.1718976,1174422,22450133.72
2024-12-13,18.1718976,18.1718976,17.53777409,17.67027751,1331900,25004034.07
2024-12-16,17.63241939,17.87849717,17.4147352,17.71760016,1035803,19275795.14
2024-12-17,17.67027751,17.67027751,16.76168263,16.98883135,1207090,21778142.85
2024-12-18,16.96990229,17.06454759,16.58185656,16.72382451,1002816,17786846.96
2024-12-19,16.6575728,16.89418605,16.39256596,16.89418605,1159414,20384650.57
2024-12-20,16.90365058,17.46205785,16.7522181,17.42419973,1083515,19710808.52
2024-12-23,17.3200899,17.52830956,16.51560485,16.6575728,1108284,19784048.04
2024-12-24,16.64810827,16.80900528,16.4682822,16.76168263,863330,15163476.98
2024-12-25,16.76168263,16.82793434,16.20327536,16.39256596,811195,14041136.49
2024-12-26,16.39256596,16.62917921,16.23166895,16.45881767,1195429,20721434.55
2024-12-27,16.44935314,16.98883135,16.28845613,16.67650186,1107862,19574524.32
2024-12-30,16.62917921,16.62917921,16.03291382,16.38310143,1190274,20483263.92
2024-12-31,16.38310143,16.38310143,15.73951339,15.85308775,983063,16589094.87
2025-01-02,15.84362322,15.97612664,15.30414501,15.59754544,966241,16004765.55
2025-01-03,15.6164745,15.82469416,14.92556381,15.06753176,1164505,18745950.06
2025-01-06,14.92556381,15.10538988,14.47126637,14.8593121,805952,12562662.77
2025-01-07,14.97288646,15.4271839,14.87824116,15.4271839,920154,14698540.14
2025-01-08,15.4271839,15.44611296,14.79306039,15.43664843,771302,12360574.74
2025-01-09,15.4271839,15.6164745,15.2378933,15.46504202,761563,12416810.85
2025-01-10,15.5218292,15.74897792,15.02020911,15.15271253,954713,15495129.58
2025-01-13,15.143248,15.28521595,14.5753762,15.15271253,779820,12334582.32
2025-01-14,15.32307407,16.04237835,15.15271253,16.04237835,1197228,19855941.41
2025-01-15,16.04237835,16.3736369,15.8057651,16.30738519,1074530,18381345.07
2025-01-16,16.35470784,16.4682822,15.95719758,16.30738519,1080570,18528444.95
2025-01-17,16.1843463,16.44935314,16.04237835,16.3736369,947354,16290215.77
2025-01-20,16.38310143,17.10240571,16.33577878,17.05508306,1548444,27558256.2
2025-01-21,17.05508306,17.3200899,16.79954075,17.27276725,1465897,26428793.17
2025-01-22,17.23490913,17.74599375,17.08347665,17.55670315,1757888,32481818.6
2025-01-23,17.74599375,17.74599375,17.30116084,17.31062537,1945835,35888813.85
2025-01-24,17.04561853,17.3200899,16.86579246,17.28223178,2228584,40264463.65
2025-01-27,17.20651554,17.31062537,16.82793434,17.02668947,1469708,26474926.03
2025-02-05,17.036154,17.28223178,16.82793434,17.12133477,1330096,24075400.5
2025-02-06,16.97936682,17.64188392,16.97936682,17.64188392,1851550,33960273.58
2025-02-07,17.51884503,17.86903264,17.31062537,17.67974204,2418037,45123540.58
2025-02-10,17.59456127,17.68920657,17.27276725,17.66081298,2086040,38597739.01
2025-02-11,17.52830956,17.66081298,17.4147352,17.58509674,1398103,25893046.29
2025-02-12,17.59456127,18.05832324,17.49045144,17.97314247,2559148,48244947.27
2025-02-13,17.82170999,17.82170999,17.5093805,17.66081298,1783997,33193493.69
2025-02-14,17.65134845,17.66081298,17.1307993,17.30116084,1720137,31574129.35
2025-02-17,17.35794802,17.67974204,17.25383819,17.64188392,1498949,27632149.92
2025-02-18,17.49045144,17.7933164,17.36741255,17.62295486,1526208,28334360.68
2025-02-19,17.62295486,18.03939418,17.40527067,18.01100059,2164842,40862691.24
2025-02-20,18.23814931,18.23814931,17.89742623,18.15296854,2041165,39002050.44
2025-02-21,18.20975572,18.46529803,17.93528435,18.46529803,2672556,51592888.01
2025-02-24,18.46529803,18.70191128,18.03939418,18.44636897,2179229,42298774.27
2025-02-25,18.25707837,18.69244675,18.15296854,18.44636897,2126993,41532003.59
2025-02-26,18.3611882,18.89120188,18.3611882,18.59780145,2327264,46046764.5
2025-02-27,18.71137581,19.26031855,18.42743991,19.06156342,3411606,68115729.5
2025-02-28,19.07102795,19.4969318,18.05832324,18.1718976,2860705,55982521.25
2025-03-03,18.1718976,18.76816299,18.00153606,18.22868478,1689604,32810789.87
2025-03-04,18.1718976,18.54101427,18.01100059,18.48422709,1365163,26591140.25
2025-03-05,18.91013094,19.10888607,18.10564589,18.38958179,2626325,51495230.99
2025-03-06,18.29493649,18.88173735,18.28547196,18.72084034,2933026,57810933.74
2025-03-07,18.51262068,18.81548564,18.51262068,18.67351769,1688809,33300624.6
2025-03-10,18.74923393,18.88173735,18.50315615,18.69244675,2029349,40100306.67
2025-03-11,18.30440102,18.91013094,18.30440102,18.58833692,1530339,30068277.63
2025-03-12,18.57887239,18.62619504,18.29493649,18.38011726,1716744,33473417.55
2025-03-13,18.3611882,18.3611882,17.48098691,17.82170999,1783631,33528078.11
2025-03-14,17.87849717,18.23814931,17.59456127,18.20975572,1483489,28121207.05
2025-03-17,18.33279461,18.34225914,17.982607,18.29493649,1284626,24705605.62
2025-03-18,18.34225914,18.85334376,18.33279461,18.78709205,2320899,45710946.15
2025-03-19,18.7397694,19.26031855,18.72084034,18.92906,2762167,55455289.78
2025-03-20,18.94798906,19.35496385,18.67351769,19.17513778,2509649,50659707.93
2025-03-21,19.05209889,19.1183506,18.23814931,18.37065273,2167338,42494726.01
2025-03-24,18.37065273,18.38011726,17.06454759,17.45259332,2221816,41332754.64
2025-03-25,17.43366426,17.6040258,17.14972836,17.38634161,1360124,25002049.43
2025-03-26,17.55670315,18.22868478,17.49045144,18.05832324,2359474,44891648.65
2025-03-27,18.05832324,18.05832324,17.48098691,17.67027751,1504628,28172992.19
2025-03-28,17.6986711,17.86903264,17.24437366,17.56616768,1184854,21934234.14
2025-03-31,17.4147352,17.42419973,16.96043776,17.2254446,1446566,26150957.29
2025-04-01,17.21598007,17.73652922,17.20651554,17.31062537,977722,18022250.34
2025-04-02,17.2254446,17.62295486,17.2254446,17.46205785,813286,15011336.34
2025-04-03,17.40527067,17.46205785,16.74275357,17.036154,1189814,21448657.62
2025-04-07,16.09916553,16.33577878,13.64785226,13.96018175,2134423,33286918.87
2025-04-08,14.23465312,14.98235099,14.18733047,14.84038304,1581352,24333427.64
2025-04-09,14.196795,15.08646082,13.4396326,14.99181552,1754487,26749105.0
2025-04-10,15.59754544,15.93826852,15.35146766,15.49343561,1564133,26011618.05
2025-04-11,15.49343561,15.78683604,15.26628689,15.60700997,1296749,21391868.2
2025-04-14,15.97612664,16.14648818,15.7111198,15.84362322,872831,14725844.75
2025-04-15,15.8057651,16.05184288,15.65433262,15.89094587,866228,14472738.47
2025-04-16,15.95719758,15.95719758,15.22842877,15.51236467,850012,13990985.65
2025-04-17,15.50290014,15.85308775,15.4271839,15.57861638,697679,11577100.0
2025-04-18,15.58808091,15.85308775,15.28521595,15.64486809,675669,11100199.64
2025-04-21,15.56915185,16.23166895,15.36093219,16.11809459,1057914,17902682.13
2025-04-22,16.34524331,16.34524331,15.85308775,16.00452023,739430,12491083.66
2025-04-23,16.02344929,16.44935314,16.02344929,16.39256596,923660,15906155.55
2025-04-24,16.4682822,16.50614032,16.09916553,16.25059801,778026,13396728.63
2025-04-25,16.25059801,16.36417237,16.00452023,16.32631425,798889,13671935.17
2025-04-28,16.38310143,16.4682822,15.73951339,15.9950557,1164835,19675514.87
2025-04-29,15.7111198,16.24113348,15.59754544,16.10863006,1203893,20391652.86
2025-04-30,16.11809459,16.53453391,15.89094587,16.40203049,1178179,20412779.44
2025-05-06,16.64810827,16.91311511,16.28845613,16.77114716,1243152,21994936.74
2025-05-07,17.01722494,17.26330272,16.70489545,16.8468634,1491626,26761724.36
2025-05-08,16.91311511,17.06454759,16.69543092,16.9415087,1234410,22056063.92
2025-05-09,17.07401212,17.07401212,16.42095955,16.6575728,1434519,25129762.78
2025-05-12,16.67650186,16.83739887,16.53453391,16.68596639,1105501,19517795.38
2025-05-13,16.93204417,16.93204417,16.5629275,16.6575728,1161550,20483141.41
2025-05-14,16.62917921,16.68596639,16.30738519,16.44935314,1159178,20133279.01
2025-05-15,16.40203049,16.48721126,16.14648818,16.38310143,984826,16941083.54
2025-05-16,16.36417237,16.63864374,16.24113348,16.39256596,976402,17030166.72
2025-05-19,16.41149502,16.55346297,16.20327536,16.45881767,687680,11937013.71
2025-05-20,16.62917921,16.72382451,16.28845613,16.60078562,717412,12549985.03
2025-05-21,16.6575728,16.6575728,16.24113348,16.50614032,767794,13277192.11
2025-05-22,16.33577878,16.52506938,15.96666211,16.06130741,1424670,24336742.01
2025-05-23,16.07077194,16.22220442,15.85308775,16.03291382,874006,14816168.8
2025-05-26,15.86255228,16.03291382,15.76790698,15.86255228,915648,15363294.06
2025-05-27,15.9004104,15.92880399,15.64486809,15.89094587,648004,10835200.75
2025-05-28,15.77737151,16.14648818,15.68272621,15.74897792,705772,11812407.28
2025-05-29,15.76790698,16.16541724,15.69219074,16.15595271,892644,15120033.54
2025-05-30,16.30738519,16.30738519,15.79630057,15.89094587,650645,10934946.6
2025-06-03,15.87201681,16.02344929,15.7111198,15.89094587,641479,10771805.32
2025-06-04,15.98559117,16.12755912,15.9004104,16.12755912,525610,8919373.92
2025-06-05,16.10863006,16.20327536,15.9950557,16.16541724,610347,10382573.13
2025-06-06,16.14648818,16.2789916,16.10863006,16.16541724,731280,12512254.6
2025-06-09,16.26952707,16.47774673,16.20327536,16.44935314,685628,11863818.64
2025-06-10,16.58185656,16.58185656,16.07077194,16.17488177,779038,13384237.68
2025-06-11,16.12755912,16.43042408,16.12755912,16.29792066,463168,8001058.07
2025-06-12,16.29792066,16.3736369,16.16541724,16.30738519,525059,9039329.39
2025-06-13,16.24113348,16.31684972,16.089701,16.12755912,767021,13119900.62
2025-06-16,16.089701,16.51560485,15.97612664,16.49667579,730739,12652236.95
2025-06-17,16.55346297,16.5629275,16.35470784,16.54399844,789539,13725734.65
2025-06-18,16.43042408,16.70489545,16.41149502,16.59132109,773198,13508621.36
2025-06-19,16.66703733,16.68596639,16.17488177,16.22220442,676464,11733486.13
2025-06-20,16.22220442,16.4682822,16.04237835,16.14648818,691342,11847641.74
2025-06-23,16.14648818,16.3736369,15.84362322,16.26006254,986199,16900390.75
2025-06-24,16.6575728,16.7522181,16.36417237,16.7522181,1124278,19726641.45
2025-06-25,16.82793434,16.96990229,16.57239203,16.89418605,1241641,21991425.29
2025-06-26,16.9718564,17.0009843,16.6223216,16.6417402,1115246,19277666.92
2025-06-27,16.7194146,16.9038913,16.6126123,16.797089,822722,14222969.79
2025-06-30,16.8747634,17.1174959,16.7776704,17.0592401,850168,14879979.83
2025-07-01,17.1466238,17.3019726,17.0495308,17.185461,1009605,17872110.83
2025-07-02,17.1660424,17.2534261,16.9524378,17.2340075,912029,16076674.48
2025-07-03,17.3116819,17.379647,17.0786587,17.2631354,709581,12585856.24
2025-07-04,17.4184842,17.4184842,16.8844727,16.9718564,740772,12992014.35
2025-07-07,16.9718564,17.3505191,16.8553448,17.1757517,636228,11178725.33
2025-07-08,17.2534261,17.3116819,17.0980773,17.2242982,737011,13070923.71
2025-07-09,17.3019726,17.379647,17.0398215,17.0980773,696007,12305168.74
2025-07-10,17.1563331,17.2048796,16.9718564,17.0106936,751596,13200559.78
2025-07-11,17.0786587,17.1563331,16.9038913,16.9815657,771817,13559650.0
2025-07-14,17.0106936,17.4281935,16.9233099,17.3990656,1114621,19807349.78
2025-07-15,17.4670307,17.5252865,17.185461,17.2922633,1352335,24158092.38
2025-07-16,17.3990656,17.8748213,17.2631354,17.670926,2091932,38097447.53
2025-07-17,17.5835423,18.1175538,17.4961586,18.0398794,1808392,33411658.87
2025-07-18,18.0398794,18.3797049,17.7388911,18.0010422,1323343,24444339.56
2025-07-21,18.0690073,18.2923212,17.865112,18.1952282,1642545,30631722.16
2025-07-22,18.2826119,18.3991235,18.0495887,18.2146468,1226055,22918608.61
2025-07-23,18.2340654,18.3311584,17.9330771,18.1272631,1712048,31903981.41
2025-07-24,18.1272631,18.3602863,17.9913329,18.1369724,1509322,28323231.81
2025-07-25,18.3311584,18.6127281,18.059298,18.6030188,1701063,32104128.18
2025-07-28,18.641856,19.2341233,18.3311584,18.8942978,2003608,38869392.83
2025-07-29,18.933135,19.0884838,18.6612746,18.9040071,1435447,27864615.83
2025-07-30,18.9525536,19.0108094,18.44767,18.5933095,1237742,23790535.81
2025-07-31,18.7680769,19.321507,18.2340654,18.3408677,2321908,44791576.45
2025-08-01,18.3894142,18.7972048,18.3214491,18.5641816,1444534,27609543.41
2025-08-04,18.5253444,19.0593559,18.3991235,19.030228,1261279,24421613.92
2025-08-05,19.0399373,19.6904604,19.0399373,19.1661582,1669307,33147785.55
2025-08-06,19.4186,19.4186,19.1079024,19.2049954,1344920,26637684.55
2025-08-07,19.2923791,19.3603442,19.0399373,19.2535419,1647164,32593034.78
2025-08-08,19.1564489,19.3991814,19.0011001,19.3797628,1196687,23682101.63
2025-08-11,19.4186,19.9914487,19.321507,19.9429022,2106001,42851545.28
2025-08-12,20.0788324,20.0788324,19.4186,19.7001697,1964941,39733454.19
2025-08-13,19.6904604,19.9914487,19.3894721,19.7001697,1445862,29143642.54
2025-08-14,19.7292976,19.7487162,19.1079024,19.1079024,1854680,37177007.0
2025-08-15,19.2147047,19.6904604,19.1855768,19.6030767,1559817,31381693.46
2025-08-18,19.7001697,20.680809,19.5642395,20.1759254,2993690,62366165.5
2025-08-19,19.9914487,20.1467975,19.3894721,19.7292976,2347911,47556035.4
2025-08-20,19.7195883,20.1662161,19.4962744,20.1079603,2064951,42145225.56
2025-08-21,20.1079603,20.1079603,19.5642395,19.6710418,1602871,32555275.54
2025-08-22,19.6322046,19.806972,19.4477279,19.5933674,1605980,32387934.55
2025-08-25,19.6807511,19.7875534,19.3700535,19.709879,1947419,39440916.59
2025-08-26,19.6904604,20.1273789,19.4477279,19.9331929,1625677,33335170.94
2025-08-27,20.098251,20.098251,18.7972048,18.7972048,2634768,52591798.37
2025-08-28,18.9234257,19.3409256,17.865112,18.641856,2495018,47551341.93
2025-08-29,18.6515653,18.7680769,18.156391,18.350577,1609862,30529092.72
2025-09-01,18.3991235,19.2049954,18.3991235,18.8069141,2541423,49440973.82
2025-09-02,18.8069141,19.0496466,18.1855189,18.6904025,2112522,40445706.73
2025-09-03,18.7195304,19.030228,18.3408677,18.44767,1898964,36567429.58
2025-09-04,18.4088328,18.7972048,18.0495887,18.2729026,1997484,38170386.57
2025-09-05,18.4185421,18.8748792,18.3117398,18.8166234,1751286,33725409.09
2025-09-08,18.7874955,19.2923791,18.7874955,19.2341233,2052181,40280686.71
2025-09-09,19.2341233,19.4477279,19.0399373,19.1758675,1889941,37407812.93
2025-09-10,19.2049954,19.5642395,19.0011001,19.0593559,1545398,30607065.37
2025-09-11,18.9428443,19.4865651,18.7874955,19.3506349,1672798,33072489.71
2025-09-12,19.4477279,19.6710418,19.1855768,19.5254023,1962768,39425752.77
2025-09-15,19.612786,19.6613325,19.1176117,19.224414,1629306,32476460.55
2025-09-16,19.321507,19.5545302,19.1467396,19.5545302,1343275,26833987.57
2025-09-17,19.9817394,20.6710997,19.5351116,20.1079603,3296535,68145814.35
2025-09-18,20.0497045,20.1759254,18.933135,19.2729605,3207548,65182067.07
2025-09-19,19.224414,19.4865651,18.6515653,18.7972048,2333992,45710792.32
2025-09-22,19.2632512,19.2632512,18.7583676,18.9428443,1808470,35362349.86
2025-09-23,18.9428443,18.9428443,17.3893563,18.1369724,3393364,62753983.79
2025-09-24,18.1078445,18.5933095,17.7777283,18.544763,2534139,47946072.64
2025-09-25,18.7001118,18.9137164,18.3699956,18.544763,1929988,37052608.4
2025-09-26,18.3602863,18.8845885,18.3117398,18.6515653,1810499,34738740.38
2025-09-29,18.5544723,18.8651699,18.2729026,18.836042,1260892,24276465.3
2025-09-30,19.030228,19.030228,18.641856,18.738949,1246098,24124195.54
2025-10-09,18.836042,19.4671465,18.7195304,19.224414,2559802,50108398.28
2025-10-10,19.2535419,19.3020884,18.7583676,18.8457513,1887059,36791595.35
2025-10-13,18.1369724,18.9816815,17.7583097,18.8942978,2351674,45200158.18
2025-10-14,19.0496466,19.3894721,18.738949,18.9622629,2667384,52328111.87
2025-10-15,18.8457513,19.3894721,18.8069141,19.3117977,1739385,34402995.4
2025-10-16,19.3991814,19.4671465,18.8845885,18.9719722,1421337,27976750.74
2025-10-17,19.0108094,19.2632512,18.6709839,18.738949,1879580,36630254.86
2025-10-20,18.8748792,19.1564489,18.738949,19.1564489,1407953,27475463.51
2025-10-21,19.2632512,19.5545302,19.0787745,19.5448209,1891597,37731535.83
2025-10-22,19.5254023,19.612786,19.2341233,19.4186,1264746,25315453.02
2025-10-23,19.4283093,19.8749371,19.1564489,19.8166813,2069247,41706783.49
2025-10-24,19.904065,20.3604021,19.7390069,20.1273789,2031586,41985646.24
2025-10-27,20.3215649,20.3409835,19.709879,19.8749371,1626339,33336709.51
2025-10-28,19.9234836,20.098251,19.6419139,19.8555185,1258964,25863976.83
2025-10-29,19.709879,19.9137743,19.4186,19.515693,1361825,27443878.5
2025-10-30,19.3797628,19.3797628,18.738949,18.738949,2168675,42297217.23
2025-10-31,18.8263327,19.1661582,18.738949,19.030228,1562754,30602125.79
2025-11-03,19.1855768,19.3700535,18.7001118,18.8166234,1503958,29243156.44
2025-11-04,18.9040071,19.030228,18.7001118,18.836042,1181316,22928927.13
2025-11-05,18.6321467,19.1370303,18.6321467,19.0399373,1537809,30070608.88
2025-11-06,19.3700535,19.3700535,18.9428443,19.1661582,1230105,24210670.95
2025-11-07,19.224414,19.224414,18.7680769,18.9234257,1486430,28976756.77
2025-11-10,18.9234257,19.0399373,18.6904025,18.7874955,1184902,22981484.16
2025-11-11,18.7874955,18.9234257,18.7195304,18.7292397,909782,17638431.39
2025-11-12,18.6321467,18.9137164,18.4962165,18.6030188,1384862,26612689.54
2025-11-13,18.7292397,18.9137164,18.5641816,18.7680769,1160808,22430350.47
2025-11-14,18.5738909,19.030228,18.5738909,18.7972048,1374766,26733706.19
2025-11-17,18.9719722,19.0496466,18.6127281,18.8845885,1276330,24800383.91
2025-11-18,18.9816815,19.5642395,18.836042,18.9234257,3016285,59469381.27
2025-11-19,18.8263327,19.0011001,18.3991235,18.4088328,2088572,40057373.35
2025-11-20,18.6224374,18.6515653,18.1175538,18.1855189,1563548,29518057.08
2025-11-21,18.0107515,18.3991235,17.2145889,17.3602284,1751231,31826845.31
2025-11-24,17.4573214,17.8068562,17.2534261,17.6515074,1117106,20175659.24
2025-11-25,17.768019,18.156391,17.7486004,17.8262748,1211238,22457705.81
2025-11-26,17.8554027,18.0690073,17.5058679,17.5058679,986685,18047795.08
2025-11-27,17.5155772,17.9039492,17.5155772,17.7874376,1031819,18827585.13
2025-11-28,17.8748213,17.9913329,17.4961586,17.962205,1408593,25724555.8
2025-12-01,18.0204608,18.059298,17.7000539,17.7583097,1180430,21716796.76
2025-12-02,17.8165655,17.8165655,17.4281935,17.4864493,964596,17399104.03
2025-12-03,17.4864493,17.6515074,17.282554,17.3893563,803454,14388547.1
2025-12-04,17.4670307,17.47674,17.0495308,17.0592401,991563,17578134.25
2025-12-05,17.0592401,17.4670307,16.9038913,17.379647,960085,17072402.98
2025-12-08,17.4573214,17.8068562,17.3893563,17.6806353,966299,17547666.63
2025-12-09,17.768019,17.8068562,17.3699377,17.3990656,926552,16714972.99
2025-12-10,17.4961586,17.7194725,17.1951703,17.2437168,816356,14570428.36
2025-12-11,17.3213912,17.3213912,16.8359262,16.8359262,1144536,20040991.19
2025-12-12,16.7776704,17.1077866,16.602903,16.6126123,1180551,20452767.27
2025-12-15,16.8262169,16.8262169,16.3698798,16.5543565,1735918,29529905.15
2025-12-16,16.6126123,16.6320309,16.1465659,16.2339496,757038,12716026.03
2025-12-17,16.4378449,16.4378449,15.9329613,16.2727868,787251,13090176.77
2025-12-18,16.0106357,16.6514495,16.0106357,16.5737751,993311,16887497.84
2025-12-19,16.5737751,16.9427285,16.4863914,16.8359262,801329,13843016.54
2025-12-22,16.9233099,17.0204029,16.6611588,16.7388332,1042907,18078748.72
2025-12-23,16.699996,16.8165076,16.5349379,16.6805774,933341,16027201.24
2025-12-24,16.6805774,17.0301122,16.5834844,16.991275,786768,13699446.83
2025-12-25,17.47674,17.5835423,16.8747634,17.2340075,1478639,26007681.35
2025-12-26,17.185461,17.3213912,17.0106936,17.0106936,1124485,19890021.39
2025-12-29,17.185461,17.3505191,16.9038913,17.3019726,1082836,19167379.66
2025-12-30,17.3019726,17.3699377,17.0495308,17.1077866,824006,14574007.04
2025-12-31,17.0592401,17.5932516,17.0106936,17.282554,899254,15956352.84
